FileName,ImageId,CatagoryID
train_val2019/Reptiles/181/4616990ac388566b7b52c335ec60ddab.jpg,258725,181
train_val2019/Reptiles/181/11188aa0f2a6226a17c68b6cdf8ed6a6.jpg,52929,181
train_val2019/Reptiles/181/0d009e44c60f3445bc5ebdacfd35e841.jpg,9393,181
train_val2019/Reptiles/181/6b10676dfbb8378d808a27bceb64a26a.jpg,177048,181
train_val2019/Reptiles/181/3e819377de8f91aa3abe1a7e096a976c.jpg,104000,181
train_val2019/Reptiles/181/0e434708056b7310273191a9c125845d.jpg,202552,181
train_val2019/Reptiles/181/b21de1d8accf20bf1cf69dec41c9ea91.jpg,26390,181
train_val2019/Reptiles/181/fcc8a34f5ac81b3acac4c90ac129bec1.jpg,42596,181
train_val2019/Reptiles/181/d1224e1e28a29d9881bfd167c8e04a15.jpg,246262,181
train_val2019/Reptiles/181/a5b940dfa60a40848c2b18179de3cf43.jpg,57750,181
train_val2019/Reptiles/181/05f372d4c2222e4c54795cba5d9b4f3d.jpg,242264,181
train_val2019/Reptiles/181/0301bfc890629efac71d8396f8681007.jpg,156062,181
train_val2019/Reptiles/181/d08f573ca2bb0b727c9cac5c54cbc1c1.jpg,169026,181
train_val2019/Reptiles/181/493e362f9f427f89238c1049febac147.jpg,142281,181
train_val2019/Reptiles/181/e5794456fa60ad93848d44878b5207ea.jpg,187894,181
train_val2019/Reptiles/181/9a29324e940e1964122493a6789961fe.jpg,34588,181
train_val2019/Reptiles/181/8fa78697113560793388b8ada356b03d.jpg,122843,181
train_val2019/Reptiles/181/f3ac699b5d2b3f59784ec2f48a9e8d6e.jpg,92461,181
train_val2019/Reptiles/181/294a1bc5b5610b6738c5b120fd2d0fae.jpg,97336,181
train_val2019/Reptiles/181/64f0dde7909eee1a60f648554678154d.jpg,54298,181
train_val2019/Reptiles/181/4c2119277351e294e3f8cce0e1bf7c4a.jpg,142077,181
train_val2019/Reptiles/181/5b540a959c429adb91f37d5dfce6de99.jpg,227560,181
train_val2019/Reptiles/181/9031e0227cac89a695bfb035bd34568b.jpg,42491,181
train_val2019/Reptiles/181/09a7540539c172b4110d423b1afb3a16.jpg,181523,181
train_val2019/Reptiles/181/b17a1c05688af3d5d20baccb2bf3a0ee.jpg,24793,181
train_val2019/Reptiles/181/534ec6e2f9ce97f0913d8df210ddc523.jpg,31333,181
train_val2019/Reptiles/181/c97a3a5ac9cc869c13b5df760976807b.jpg,256431,181
train_val2019/Reptiles/181/a87e295ac0056eb32db5959455973a3c.jpg,142048,181
train_val2019/Reptiles/181/96a106eb95b6fc3da8e9f56ff016b35f.jpg,202503,181
train_val2019/Reptiles/181/b271511d609b6d495780401365244a71.jpg,155806,181
train_val2019/Reptiles/181/c13aecc66dcb6f9800e2b63cb3d9194d.jpg,243046,181
train_val2019/Reptiles/181/8d51d1932b67f374b02c6ba6d0e7b8f4.jpg,194570,181
train_val2019/Reptiles/181/61eeeaf8bb8efe95dd88ba7978941ffb.jpg,142365,181
train_val2019/Reptiles/181/0486101598c68eccfd8c95a2c1122a88.jpg,228764,181
train_val2019/Reptiles/181/596713030d57f5861c1792bf54564689.jpg,187713,181
train_val2019/Reptiles/181/4724f2a133f1c141ae1b506f8a400168.jpg,114435,181
train_val2019/Reptiles/181/bfdc25438622a5fd339c7866c2655447.jpg,163759,181
train_val2019/Reptiles/181/1dcefbd5986a54909df13e88273fdb4f.jpg,43099,181
train_val2019/Reptiles/181/ec00817019d7c1bcf2ba09ce9c3948d5.jpg,186831,181
train_val2019/Reptiles/181/66e75708616d8c35c95137aea522ae6e.jpg,67123,181
train_val2019/Reptiles/181/621c9a98fceb9d0b6f1960e7e3ce19d6.jpg,156615,181
train_val2019/Reptiles/181/637258915130cc9e61a3bcbd89a30549.jpg,95048,181
train_val2019/Reptiles/181/64dc37ecafe5bb83d661f0cf91483ec7.jpg,253394,181
train_val2019/Reptiles/181/4fa5fcbc3e17948a0d155021c78537bd.jpg,236967,181
train_val2019/Reptiles/181/138dc3232d992f2e06a2d56f8f811a1a.jpg,73151,181
train_val2019/Reptiles/181/1cb1098d17489b726f174f2a670bdefa.jpg,114654,181
train_val2019/Reptiles/181/c392fdfdfb48a19b11b5868d44446f28.jpg,123726,181
train_val2019/Reptiles/181/87ee3b0add8b1dd4cb02f026b14dbb7f.jpg,34943,181
train_val2019/Reptiles/181/c7468775d12b89fee81e61888543093c.jpg,73119,181
train_val2019/Reptiles/181/d528caa45c0b52e4ddeef7453cb7262f.jpg,3382,181
train_val2019/Reptiles/181/70ba99667569c1921af0a7e5972f847f.jpg,186732,181
train_val2019/Reptiles/181/e83fb903bb8f90d27c34696d429d6e5f.jpg,98902,181
train_val2019/Reptiles/181/ef228d1b543e3e0ed27c6ca009e41c2e.jpg,260531,181
train_val2019/Reptiles/181/bfb83a09bfc0848f8cd9611be6523392.jpg,186654,181
train_val2019/Reptiles/181/2cd135d7035566b2c8ec0f9a7f72fb6a.jpg,124467,181
train_val2019/Reptiles/181/0736f5a0d5afb4c3c7bfb3b2bd58e2c2.jpg,114107,181
train_val2019/Reptiles/181/a1cf69585743373a6faadd379d4b692b.jpg,209192,181
train_val2019/Reptiles/181/c0026df5ba47597dd4ecef3fb3f04fbc.jpg,209186,181
train_val2019/Reptiles/181/8394885817cdbd3753c3888b73a41079.jpg,240178,181
train_val2019/Reptiles/181/e4535483df1fe6ce0c598bccd42af5bf.jpg,212933,181
train_val2019/Reptiles/181/1a68888d73dcc45bd44dcb9a0c045147.jpg,124317,181
train_val2019/Reptiles/181/c8ed1766622f231f59e7dc296ba56180.jpg,93740,181
train_val2019/Reptiles/181/bcab4ab6946eb259253cb91f8af287ca.jpg,186541,181
train_val2019/Reptiles/181/62075f3760ba308c466d1f051e1eee52.jpg,57891,181
train_val2019/Reptiles/181/c729ca9413a7fb803693b1f54709008f.jpg,85616,181
train_val2019/Reptiles/181/0b267d6d71e36fadbd8ce43d4b7072a1.jpg,9218,181
train_val2019/Reptiles/181/aa39624a35fc42b43669acf03ec91756.jpg,171238,181
train_val2019/Reptiles/181/1d69c28d190cafda33e32df1503c63a1.jpg,186618,181
train_val2019/Reptiles/181/3fa0037ab18a9ace7895739e41adc2b0.jpg,131663,181
train_val2019/Reptiles/181/fb071d286b1889387a182c1db340500b.jpg,208957,181
train_val2019/Reptiles/181/e18ad659d1dcdb90bcc7f9df051f6fa0.jpg,195312,181
train_val2019/Reptiles/181/4b6edcb2f3a0acba7adbc2c991b52878.jpg,85790,181
train_val2019/Reptiles/181/63689a795d523665fe35b2fde8311709.jpg,156509,181
train_val2019/Reptiles/181/477634b0979de18f5e110939d82037bf.jpg,166544,181
train_val2019/Reptiles/181/70369f5301ee8bd5191b5f0f25096881.jpg,91453,181
train_val2019/Reptiles/181/0200668e9175ef8c1bbbcfd0449c2110.jpg,181657,181
train_val2019/Reptiles/181/a12b1f84f69bd815d6a6a6b523d1ca02.jpg,132729,181
train_val2019/Reptiles/181/5a106151afa52cec34c75e6b8ba9ea55.jpg,7387,181
train_val2019/Reptiles/181/574248037c03548c25a87709280c5722.jpg,244452,181
train_val2019/Reptiles/181/316a06ad4ecab9b28443b5cc1a276bf6.jpg,8081,181
train_val2019/Reptiles/181/b3b2c757670771252299290d22ee397b.jpg,34717,181
train_val2019/Reptiles/181/2575859a9aa2662ee9d704e781244b71.jpg,222729,181
train_val2019/Reptiles/181/32779a1899242cd6b3e4610b77e83fc4.jpg,246157,181
train_val2019/Reptiles/181/c15aac398cfea9a06c5805fff29d0c6e.jpg,239960,181
train_val2019/Reptiles/181/96952d24494bda6199a5469748529760.jpg,88754,181
train_val2019/Reptiles/181/037ab8480afcc6d4430a0ee48cace489.jpg,56836,181
train_val2019/Reptiles/181/bb8cd72ac8c5ed0a1992c95ee5437de4.jpg,21518,181
train_val2019/Reptiles/181/788660b7edcf2dc0a01a35dc2f0af92b.jpg,59939,181
train_val2019/Reptiles/181/8250aaa1522b543a109b312b41425cbc.jpg,176810,181
train_val2019/Reptiles/181/13496a0f40a08893a01799e7a1612d01.jpg,11272,181
train_val2019/Reptiles/181/8032ed42b07be5b92c554f3ea82d118c.jpg,822,181
train_val2019/Reptiles/181/0821a826f79c7987b5efa6d6fcd7eb97.jpg,28497,181
train_val2019/Reptiles/181/32a28d6b81d12c29ae6de72804c22f81.jpg,213334,181
train_val2019/Reptiles/181/5478525ea9fbc89c2e52ff8017a5e5e3.jpg,19904,181
train_val2019/Reptiles/181/d965a5153543a709cde45d2df6c55e2f.jpg,85824,181
train_val2019/Reptiles/181/36e2605160cabaa81af731f57e772001.jpg,224398,181
train_val2019/Reptiles/181/62a7b79f755a33b9ddba877124062b46.jpg,103665,181
train_val2019/Reptiles/181/15506ab6f4327e03183367c0ca80a357.jpg,56781,181
train_val2019/Reptiles/181/24e6fcf6d67e517e21c0689ec90c77b3.jpg,103684,181
train_val2019/Reptiles/181/df20b93a1cc6e3b6ec0b0fee86dfb935.jpg,88743,181
train_val2019/Reptiles/181/f22f1102e50e07e824a49a26db014040.jpg,34843,181
train_val2019/Reptiles/181/f86172c7214ebac674f2845722df940f.jpg,123422,181
train_val2019/Reptiles/181/09e4bc8d7e4857114b88e89d88d737e5.jpg,181825,181
train_val2019/Reptiles/181/3acb5e7aad5565a23fa7eeb8fd0f2c6d.jpg,77905,181
train_val2019/Reptiles/181/a476216578dab34366e243016795bb54.jpg,187361,181
train_val2019/Reptiles/181/7192a8ca8fe29f6324a7d4986258482b.jpg,176715,181
train_val2019/Reptiles/181/fe1de36731059ffd4d1138e95fe5c83a.jpg,132585,181
train_val2019/Reptiles/181/3b90862f3f2b1a8edc113cf70c84fcc5.jpg,227467,181
train_val2019/Reptiles/181/5bf8dc24077a98da85ce8b7d2b108ef4.jpg,187260,181
train_val2019/Reptiles/181/8e7325e1ad8b51b9af7c6c28c51708e2.jpg,6626,181
train_val2019/Reptiles/181/6685f7b2888c5d5f2aae18682b566325.jpg,14398,181
train_val2019/Reptiles/181/91a53ec9610a04fc40c8b0ebc5e3382e.jpg,169137,181
train_val2019/Reptiles/181/c75c0678ab52dc2268ba570bc300f4ac.jpg,46787,181
train_val2019/Reptiles/181/a9a2e022765e04da11bdf487bee5d6da.jpg,261575,181
train_val2019/Reptiles/181/b65ffad9f7daec8d67a45922b6bf09d3.jpg,1946,181
train_val2019/Reptiles/181/7fb68a47a3fb095376bd734fec3dd515.jpg,120040,181
train_val2019/Reptiles/181/c5ae1e345d23e52ff6ece310a949a494.jpg,251200,181
train_val2019/Reptiles/181/f7a2d2f2ebb73f0f6cd535846c915d17.jpg,139307,181
train_val2019/Reptiles/181/d9a9347aab084681e7b15748575cd029.jpg,54820,181
train_val2019/Reptiles/181/0a3b1d0380ee7a88e24b861908f2dfeb.jpg,263370,181
train_val2019/Reptiles/181/bb44d79ac3f8b556f62d2c6600e36260.jpg,239486,181
train_val2019/Reptiles/181/74eeda30239b94edb31907afa3516b8e.jpg,244767,181
train_val2019/Reptiles/181/e0196f154c0b5db88bead9df0d393c74.jpg,165603,181
train_val2019/Reptiles/181/f619b15579e91757e502358d5f8dcfb1.jpg,119974,181
train_val2019/Reptiles/181/7e2fbd5b023f99f337d560a813c0be4c.jpg,46862,181
train_val2019/Reptiles/181/cd3662ee3309075cbcb71a1a6e3cfedf.jpg,165008,181
train_val2019/Reptiles/181/744ef9bf72293bbcf39f48c28b75c5e5.jpg,105958,181
train_val2019/Reptiles/181/68295a4f77feb23e254cf698a00648ef.jpg,220628,181
train_val2019/Reptiles/181/187de73ee09923cb26b001313f8ef48e.jpg,136892,181
train_val2019/Reptiles/181/9a58b746e41d18187e935b3c7488074c.jpg,179923,181
train_val2019/Reptiles/181/2c0916826d70ef401ab2e34712f70a9a.jpg,206008,181
train_val2019/Reptiles/181/2748163c808ed56d4111599f443f2b68.jpg,172958,181
train_val2019/Reptiles/181/e971e82fa19010d20fd5fd4e42493302.jpg,47464,181
train_val2019/Reptiles/181/ea6ccec021e446b5f7811359d0170ac4.jpg,61212,181
train_val2019/Reptiles/181/0c18582584eb784f36f0ce982297b344.jpg,251929,181
train_val2019/Reptiles/181/153402027cb07dc86bd9e0d9c6fca0ba.jpg,239083,181
train_val2019/Reptiles/181/1a9705c56235913d23e59a4eef3b5d0c.jpg,251149,181
train_val2019/Reptiles/181/fcce73c6706a375ff03137b9691b860f.jpg,230917,181
train_val2019/Reptiles/181/c08ff362f82dd1333f354a7ebeaa6e12.jpg,95963,181
train_val2019/Reptiles/181/da175ea78b99aa3d80a0342710fdda13.jpg,39998,181
train_val2019/Reptiles/181/39d0739da22de8dd1ae5e3b1e0c698cf.jpg,135997,181
train_val2019/Reptiles/181/cbdc8ad279e21a61931088d85e3724f7.jpg,20384,181
train_val2019/Reptiles/181/bde24423dc74d80e365b7f5f721bd7f0.jpg,189667,181
train_val2019/Reptiles/181/652b9ac2b9a6804bf34d109f507a8803.jpg,18343,181
train_val2019/Reptiles/181/ae7593766943b6d78469839d3d4dc36a.jpg,192501,181
train_val2019/Reptiles/181/f47781afd2da254de6dc50943597faee.jpg,107497,181
train_val2019/Reptiles/181/361392359908c4926c76eb6b71aee327.jpg,907,181
train_val2019/Reptiles/181/d7f2f0245599692844c378bd19978f0b.jpg,117718,181
train_val2019/Reptiles/181/09ae95f0da0d278f66101179ea9dd85d.jpg,214787,181
train_val2019/Reptiles/181/9479586328f18257b39de61bb927ea79.jpg,257211,181
train_val2019/Reptiles/181/e44ded356d37b4e6e7ed9d2cc228b036.jpg,165718,181
train_val2019/Reptiles/181/f23e825e41ce4f2a1afd410f033661f9.jpg,252163,181
train_val2019/Reptiles/181/dc5ae1a8fc6fa97d7247bd23d0c6d3da.jpg,87835,181
train_val2019/Reptiles/181/9602d1a4a63718a861ef975e4eec723b.jpg,192376,181
train_val2019/Reptiles/181/0e44d3dfe57d06e975a144ca9d8fe486.jpg,246864,181
train_val2019/Reptiles/181/7fad0a567f2ce1cda192307742f6eacc.jpg,69179,181
train_val2019/Reptiles/181/8fa6310173fd9d4fdecf0984a23b12a9.jpg,223811,181
train_val2019/Reptiles/181/531cca907f93adcfbd8b7239c35426cf.jpg,161481,181
train_val2019/Reptiles/181/20a7bd6dcfcb1a537747fccf864c32f5.jpg,117904,181
train_val2019/Reptiles/181/836a1cdf82892f4d07709894cdf8210d.jpg,153591,181
train_val2019/Reptiles/181/224529f4a424709518387ad661a17e26.jpg,264492,181
train_val2019/Reptiles/181/24d89b0c1c74b205938234bef59c1013.jpg,172970,181
train_val2019/Reptiles/181/08cf98be7496693b0e788aa90f0b738d.jpg,47208,181
train_val2019/Reptiles/181/0ea640532ba779d1d7f18569866b1b1f.jpg,93057,181
train_val2019/Reptiles/181/bd2465d0ef5b51d1e0f5a715cd54b731.jpg,119448,181
train_val2019/Reptiles/181/371d962c3c7eb1f5a190c7b9c793212e.jpg,118772,181
train_val2019/Reptiles/181/4db0a5b865e17d780faf909c26f88660.jpg,52402,181
train_val2019/Reptiles/181/dbcc0bf85eb9ebb0d054dd1cb3dcff85.jpg,40928,181
train_val2019/Reptiles/181/3cc5ad6e2f126d51112de2480b780431.jpg,261332,181
train_val2019/Reptiles/181/86e8d7071671956f5a1b46faa4d320df.jpg,161142,181
train_val2019/Reptiles/181/568394e51616762ff5de9206178ae8d8.jpg,4113,181
train_val2019/Reptiles/181/a843f460f699aa19ff38cb13cdb00ba9.jpg,191355,181
train_val2019/Reptiles/181/61022a8d22448ab2eeb9e61f9c2ad0a7.jpg,153075,181
train_val2019/Reptiles/181/69d6ff800497363d9766e90af5439f3d.jpg,99694,181
train_val2019/Reptiles/181/f89d506530c3eed9dcbc23473fd042c3.jpg,138215,181
train_val2019/Reptiles/181/609cb144949287f46a6f29dfa6cdcb4d.jpg,257627,181
train_val2019/Reptiles/181/ba680b3e31a5cf00eed7e8efab1990e2.jpg,70011,181
train_val2019/Reptiles/181/591f803cb70e05b3f51a9f115b4bef0c.jpg,137948,181
train_val2019/Reptiles/181/d3a5df81ab877ac1528868c0a03d9988.jpg,87373,181
train_val2019/Reptiles/181/58d3112955be25004e8ff347b725c376.jpg,137972,181
train_val2019/Reptiles/181/28ee58247106da384c3a2db1cdf4777a.jpg,52365,181
train_val2019/Reptiles/181/c77f7877f01b595fa32d409c82090f72.jpg,40741,181
train_val2019/Reptiles/181/30169375c7e04c640a8da95a5418d92b.jpg,215405,181
train_val2019/Reptiles/181/84e34a511410c78c0e2ce601eacdf2a1.jpg,231267,181
train_val2019/Reptiles/181/502501bdbe5e87f0395598937cc1810e.jpg,263415,181
train_val2019/Reptiles/181/db9f0f90699801b87208534b8f288aa9.jpg,244725,181
train_val2019/Reptiles/181/1fe7c2934092e3a393a266fc38fcea81.jpg,47276,181
train_val2019/Reptiles/181/dff885283065ca7b73893d6dc769ca12.jpg,57362,181
train_val2019/Reptiles/181/da7fb50809816c574f8d2f7cf83daae1.jpg,153547,181
train_val2019/Reptiles/181/ad5ecef31d526c2e2f3fb1d738cd9930.jpg,24504,181
train_val2019/Reptiles/181/9cb881c0f2160a474f672bb35f84f92c.jpg,137120,181
train_val2019/Reptiles/181/3f5c15accc3234dd7346bff6ad3304e0.jpg,106108,181
train_val2019/Reptiles/181/eb5135a75f75d8cf6753ca899283f39f.jpg,22788,181
train_val2019/Reptiles/181/64c137f0c43d7dde82fd8249fcfd2a8b.jpg,137199,181
train_val2019/Reptiles/181/8fdb1e4290afcff8ea17180e1e3b1619.jpg,161311,181
train_val2019/Reptiles/181/b0373e04a2048ef3b7b0fc8f888f9dc2.jpg,264510,181
train_val2019/Reptiles/181/67d438cbc7b7285e68c53a60049b8476.jpg,16009,181
train_val2019/Reptiles/181/ad975a906c8c0a3e2f5eb08fd02c9477.jpg,189548,181
train_val2019/Reptiles/181/4ee04beb9a1cdae8b3ea15d44d439dd9.jpg,21176,181
train_val2019/Reptiles/181/580baec3f3db72f293b00f300e96ebc5.jpg,191707,181
train_val2019/Reptiles/181/1675aed7840cc4bf9339affc5d1d1d05.jpg,119639,181
train_val2019/Reptiles/181/d3b198afbc7128843bb5e5201eac6a82.jpg,170231,181
train_val2019/Reptiles/181/e4d418df0c2e28b052fb0a7e3c9ff3c4.jpg,40517,181
train_val2019/Reptiles/181/1d1df3ea8bc4f304893ea2a88d05e8e2.jpg,179175,181
train_val2019/Reptiles/181/aed3699272726cdf489c1589f1d78283.jpg,179195,181
train_val2019/Reptiles/181/5773b05528385fb7ff092426c6e34ac5.jpg,119555,181
train_val2019/Reptiles/181/afd9a86d64c95f1eb6500c0dc01f5539.jpg,191596,181
train_val2019/Reptiles/181/b74466e461fdb148c9520d8d27241f70.jpg,235591,181
train_val2019/Reptiles/181/cfbb6c3ecb399aa3572db6686fee42e8.jpg,241040,181
train_val2019/Reptiles/181/a47c13afd702b4020c89d42c69c106e0.jpg,215620,181
train_val2019/Reptiles/181/ffa7d248788612b4cc58c7dca9a8bd6e.jpg,258682,181
train_val2019/Reptiles/181/f0f883fae981e018be88867ebe072e29.jpg,14309,181
train_val2019/Reptiles/181/b990228b5e4c1702a6403081f0510b00.jpg,95928,181
train_val2019/Reptiles/181/7699c55bf27c89df2d4a5e0d092c210e.jpg,141418,181
train_val2019/Reptiles/181/012d5b2a8d6cae56a8472e752d260c7e.jpg,188561,181
train_val2019/Reptiles/181/48534aa0c7759e915846d3c5f23bffd8.jpg,104585,181
train_val2019/Reptiles/181/c88f0c1ae9cf0f79474c2bd3ac47ab60.jpg,250590,181
train_val2019/Reptiles/181/5c0d82a2f3697cf94b3b007d57e1f51c.jpg,150807,181
train_val2019/Reptiles/181/c8b7328a962c18a7a7668254fb0d798f.jpg,150826,181
train_val2019/Reptiles/181/896d96a7e36115bd7513aedd97ad26dc.jpg,16572,181
train_val2019/Reptiles/181/51a7a980fe20575069d833bfefe669ce.jpg,71994,181
train_val2019/Reptiles/181/da154eec8c003e4144fe1fd089a1cc5d.jpg,246432,181
train_val2019/Reptiles/181/3bfe5041c65f6f15a3b9ad1d24f96c75.jpg,141303,181
train_val2019/Reptiles/181/42d75dad65353b1116ae68beb8df2932.jpg,78690,181
train_val2019/Reptiles/181/f6d82a17f832b3319d7fe48a5c4bfca7.jpg,24221,181
train_val2019/Reptiles/181/4a4c55ae64d4f3684c22a33148edde89.jpg,21252,181
train_val2019/Reptiles/181/3995ff835b28c525559794c0527b17df.jpg,230694,181
train_val2019/Reptiles/181/c654f2eecb5403c907155be61dc1181d.jpg,214136,181
train_val2019/Reptiles/181/998dca9f8ccd54e301c9e774a84492cf.jpg,7886,181
train_val2019/Reptiles/181/206c70c156222fca3d07fac898f4f70f.jpg,71949,181
train_val2019/Reptiles/181/a657fb63d58e4f878d8330dda06dcc9f.jpg,31773,181
train_val2019/Reptiles/181/0e47ccea3136a3c878188beb52b006f8.jpg,164464,181
train_val2019/Reptiles/181/991ce1094200ea84a79f5382029a2180.jpg,203120,181
train_val2019/Reptiles/181/5bceda07f5314dd608de77c9d08a1b2a.jpg,86435,181
train_val2019/Reptiles/181/a96de021c1876450fbaec9e8b577f77e.jpg,225940,181
train_val2019/Reptiles/181/7c6168522bfbfd7ade6f8ae05a8a76ca.jpg,97009,181
train_val2019/Reptiles/181/725e5702c9fb3b37f0d92b83d32558e9.jpg,224073,181
train_val2019/Reptiles/181/4c3d85cdef4fb1e32eb167cf63182881.jpg,258610,181
train_val2019/Reptiles/181/b94a2bb719b83a59d922dcf5b6f960d5.jpg,155664,181
train_val2019/Reptiles/181/6399db1b6c8441e18417ab645128b559.jpg,181264,181
train_val2019/Reptiles/181/1c8c0fbefa5d7283caa1c815e79e5513.jpg,108526,181
train_val2019/Reptiles/181/c0cd373a28c75658d855fb210a25a077.jpg,173632,181
train_val2019/Reptiles/181/a080e8dcbc42295fdb0314fa835cf045.jpg,86283,181
train_val2019/Reptiles/181/5540f21a8a46a26867932a9df8053acc.jpg,202719,181
train_val2019/Reptiles/181/81b98cb1d92ade61ccbee0d02c270b3c.jpg,72248,181
train_val2019/Reptiles/181/a78e64b2bb686247dc98fc9421a2c4b6.jpg,207770,181
train_val2019/Reptiles/181/166dacd674ea213ba49a25db05cecc77.jpg,50396,181
train_val2019/Reptiles/181/a03b6ffaf26ae690fa5b5e25e303422e.jpg,93472,181
train_val2019/Reptiles/181/9961cc65b52617280116ad05c8628bba.jpg,116048,181
train_val2019/Reptiles/181/da5e912565dcb1028172137a7949dbc7.jpg,68011,181
train_val2019/Reptiles/181/b57301960e4f91cf3ad18b27bb74beb4.jpg,1050,181
train_val2019/Reptiles/181/d113ad5a6d69c690f71b0b45d755f88a.jpg,202791,181
train_val2019/Reptiles/181/7d82d2e29529df7fd9c4f65a1678058a.jpg,202792,181
train_val2019/Reptiles/181/d86d2c2ae3c248cb4ba8011c2e974720.jpg,72159,181
train_val2019/Reptiles/181/7dfa4ca1af2817f6899ce9c3d697b8b9.jpg,28171,181
train_val2019/Reptiles/181/0ee94e86e780dce56b4f83999cbdaf1e.jpg,108277,181
train_val2019/Reptiles/181/d3e6118e314524611c2eb80a2dd0125c.jpg,122231,181
train_val2019/Reptiles/181/e84007f693a5547dd683b7c916120496.jpg,166230,181
train_val2019/Reptiles/181/1c4ed801c00ccda55b1849585ffc731f.jpg,194087,181
train_val2019/Reptiles/181/ed30d01545372557d66fbba604e8e5eb.jpg,72093,181
train_val2019/Reptiles/181/7a00d9f790d66ec1cb46d72cda030586.jpg,16942,181
train_val2019/Reptiles/181/eb176875644f8ba7faa403a5b41afd85.jpg,60503,181
train_val2019/Reptiles/181/6ec5118c51a4d24c472af34cf51065eb.jpg,155146,181
train_val2019/Reptiles/181/d19b461ab2cecc9bbfd33898f4cf4dc3.jpg,214421,181
train_val2019/Reptiles/181/08c68594af67c2afc331d9df2bf9acef.jpg,172779,181
train_val2019/Reptiles/181/41a3927d5d3967e6cef31e1dd2122ee7.jpg,2270,181
train_val2019/Reptiles/181/55f4ab8c47e70998701e87fb50d5d550.jpg,105255,181
train_val2019/Reptiles/181/b4579dc31ad0576d9100f2eebb59cf21.jpg,99344,181
train_val2019/Reptiles/181/70770daaf165fbac3b766da9a6899756.jpg,189271,181
train_val2019/Reptiles/181/1c14e35dc593286a50994b79266a96f3.jpg,154464,181
train_val2019/Reptiles/181/ee43b2bfd570925607ae359f8adb9376.jpg,203998,181
train_val2019/Reptiles/181/e806dd84b958d07d49a8d54c315ff45c.jpg,180611,181
train_val2019/Reptiles/181/2263a8c6ef784b47b1021a4bd6046eca.jpg,105338,181
train_val2019/Reptiles/181/448be249b5220090da8ee0264d8c4530.jpg,246704,181
train_val2019/Reptiles/181/f840ee46e7c845f87ad3e4c4131a01d0.jpg,71285,181
train_val2019/Reptiles/181/b8969d94d9b051719aaada401d5e11a8.jpg,39889,181
train_val2019/Reptiles/181/16623fb13071ce077029dfd5daef0b38.jpg,192808,181
train_val2019/Reptiles/181/1683a2089cbad640c9d69cba78f059d0.jpg,247624,181
train_val2019/Reptiles/181/2d6b0f8147340f9435b443bc8698807f.jpg,151584,181
train_val2019/Reptiles/181/9d9ad921fca8ec0e169e7ecf90c67cc4.jpg,79375,181
train_val2019/Reptiles/181/7abfd700e6ef6141827aabd9ff10503d.jpg,95921,181
train_val2019/Reptiles/181/5f557cf002bed29bcc8d476c1a03ec05.jpg,57064,181
train_val2019/Reptiles/181/721eead592def05297903fcc29b8e989.jpg,192689,181
train_val2019/Reptiles/181/9628c0406b431c2af4aaf545502a9f77.jpg,68911,181
train_val2019/Reptiles/181/6b97a51a6ea54d318a7de83f56895ed7.jpg,154594,181
train_val2019/Reptiles/181/466f6122ccccb62af4c3a76c6a8e33cd.jpg,92678,181
train_val2019/Reptiles/181/9f4a2c2ec9d281af3eb07609ee104e0a.jpg,235147,181
train_val2019/Reptiles/181/8772d817975f74d24b907f75996d14f3.jpg,239657,181
train_val2019/Reptiles/181/f49c8c826c8b8900e0677d1b3de88cd0.jpg,81712,181
train_val2019/Reptiles/181/b3b54728c6da7177fdec7a5b39ebd561.jpg,97006,181
train_val2019/Reptiles/181/666587367ec59b86955c90ffd6a1a887.jpg,71801,181
train_val2019/Reptiles/181/fc48e954271a64275874a0203d28ad79.jpg,207187,181
train_val2019/Reptiles/181/d06dcdbe33acbe2d35410a35a3f7b40f.jpg,160654,181
train_val2019/Reptiles/181/c6e44f7ca2b7c2f3e131583fca152f57.jpg,239744,181
train_val2019/Reptiles/181/d839269e306d49336d2d9efd194fe301.jpg,121694,181
train_val2019/Reptiles/181/67b8fc9eabe3f351aa51660947438b36.jpg,48112,181
train_val2019/Reptiles/181/3467b6e9577d7980570f03f40d918eb8.jpg,23190,181
train_val2019/Reptiles/181/2e65c5201a71aecea720af782845c1e0.jpg,134741,181
train_val2019/Reptiles/181/6f650aaab41e466ae0ee82c00b3e3993.jpg,33589,181
train_val2019/Reptiles/181/b6c1b559d70cd2f39c26d28c7e37665e.jpg,15716,181
train_val2019/Reptiles/181/dbb29888f63ec279f8542e8766bfa660.jpg,140847,181
train_val2019/Reptiles/181/286fee4681b9b1d33fe6434a0aecb0c4.jpg,3730,181
train_val2019/Reptiles/181/e606264c5986a30df4caf5482d8f96ba.jpg,203582,181
train_val2019/Reptiles/181/5a39ed5f47cb57996112e7961c345d81.jpg,180809,181
train_val2019/Reptiles/181/5d9ac98ad3792a7720bd5fbb69333fd3.jpg,177919,181
train_val2019/Reptiles/181/bfa545930c3dd6370c48f1bff5f4e435.jpg,166002,181
train_val2019/Reptiles/181/9d02d06f52bf198b14a384f9c89c21f9.jpg,121302,181
train_val2019/Reptiles/181/8790b79309302c9ee0a8129f1490bf6d.jpg,277,181
train_val2019/Reptiles/181/58b58ce48ea5f8a9d6bf68790bb49ff8.jpg,68634,181
train_val2019/Reptiles/181/c8e8412919f86b2495b618878e492388.jpg,235144,181
train_val2019/Reptiles/181/f7b3c769a4065ca0f38c1b89210eca99.jpg,243685,181
train_val2019/Reptiles/181/05e6ace75285eb8a4cc6f6151603150e.jpg,201264,181
train_val2019/Reptiles/181/081f14a30a00a7a51039ff47ea670f0f.jpg,6516,181
train_val2019/Reptiles/181/d51d4d95d8eeb98bc824bb198484e952.jpg,126168,181
train_val2019/Reptiles/181/a4058249728f79ba17e1f660103e8712.jpg,97760,181
train_val2019/Reptiles/181/cf5b0953cb5bb5585674572ae9970042.jpg,129020,181
train_val2019/Reptiles/181/b1a3ec5ca68ea7ce6421581a4c9d3e9c.jpg,94061,181
train_val2019/Reptiles/181/fdad6aaeda4b3b0208e91e2809da2c81.jpg,28910,181
train_val2019/Reptiles/181/8b6f00be0118a8fad5442e401b6384c3.jpg,262747,181
train_val2019/Reptiles/181/54cbf5e2244f9ee5bf8c361e33e01742.jpg,211873,181
train_val2019/Reptiles/181/5b0783fe812631e48dddc0a5fa50b93a.jpg,172132,181
train_val2019/Reptiles/181/a34a7a8fe75f81434bc5b7ff7d2581b2.jpg,199838,181
train_val2019/Reptiles/181/5919b4c3fafb8464a0ad8d80c3c63747.jpg,145614,181
train_val2019/Reptiles/181/517faf72678cb18e8107b91451f5de5f.jpg,147804,181
train_val2019/Reptiles/181/882255fe8a9de55fc8f8101dea3b6c3f.jpg,147833,181
train_val2019/Reptiles/181/27787a7c5066ddb074dc9397f61789d0.jpg,74771,181
train_val2019/Reptiles/181/9bb5ac6e13196e5b2d593e4a45103cb1.jpg,147835,181
train_val2019/Reptiles/181/dea1e3cc0c36c0013478949d73f7f170.jpg,168238,181
train_val2019/Reptiles/181/4ac0b4e323f28b6132dfada46783a82e.jpg,221689,181
train_val2019/Reptiles/181/8946fcf443e81b1d59ede1d8faf965f7.jpg,92002,181
train_val2019/Reptiles/181/fe73966a5d6731dcd293e8dc47b65a4f.jpg,197561,181
train_val2019/Reptiles/181/aea79c3231a37ec5d4212a37b9052475.jpg,49163,181
train_val2019/Reptiles/181/41fef7488667e2a6608734a1926417e6.jpg,147898,181
train_val2019/Reptiles/181/7689d9b36523bdd2aa3e93cb37db9b0d.jpg,112685,181
train_val2019/Reptiles/181/ef8fa72e2c1e4126f725c9875db3a423.jpg,98528,181
train_val2019/Reptiles/181/40199b3152d8fcc57df489f6fddcecae.jpg,25812,181
train_val2019/Reptiles/181/fca0d2a85fe1ff4a74270c6ebad74f4e.jpg,209609,181
train_val2019/Reptiles/181/b0851920d3c9dfabcb04416530b007a9.jpg,171678,181
train_val2019/Reptiles/181/c56c1d33e00da25f3111e138c31f92ab.jpg,17652,181
train_val2019/Reptiles/181/f708f5768cbf11f2faa3db66a96b689f.jpg,196413,181
train_val2019/Reptiles/181/d12411647c275d931ca5d85cd62ec345.jpg,58075,181
train_val2019/Reptiles/181/5cdebc4c78a9851121af3178d9c61e0e.jpg,218264,181
train_val2019/Reptiles/181/d7906619c504c1ede7656e33b01d099f.jpg,218887,181
train_val2019/Reptiles/181/13861e622e15f849db6b59a9fe1bfa6f.jpg,14839,181
train_val2019/Reptiles/181/7b2a8c60368dc221f307e5cc25cec190.jpg,101024,181
train_val2019/Reptiles/181/583dcc01e43b4715fd28fd2ca6bf02c8.jpg,144260,181
train_val2019/Reptiles/181/cdc2e5c84266805dcb64b86799a5477f.jpg,262441,181
train_val2019/Reptiles/181/59a08097f7538b738c0709d027d70d11.jpg,183455,181
train_val2019/Reptiles/181/3a412d3bc544a5261220b9c3b58a7b18.jpg,159991,181
train_val2019/Reptiles/181/e060a5ab6fa7f2b3b6a52469a1ff463d.jpg,222027,181
train_val2019/Reptiles/181/de9dc5b6fba6687143fd9ee9d330754c.jpg,219041,181
train_val2019/Reptiles/181/2bd71569947ac0b6c41a3baf849cad69.jpg,6179,181
train_val2019/Reptiles/181/fd654ceb759edea7bb6947f4aa889928.jpg,84004,181
train_val2019/Reptiles/181/c568f4ab66d9a3c3c9cef8eadf61e1a9.jpg,128792,181
train_val2019/Reptiles/181/67c394575bc3357659a3a6724ec92569.jpg,112432,181
train_val2019/Reptiles/181/1195f81781b3f80428c44e49700f4595.jpg,112438,181
train_val2019/Reptiles/181/6cb9b3f4403f93205aac625c3ff26632.jpg,64650,181
train_val2019/Reptiles/181/61cbc0e4bf3cab7ac10b54a895783570.jpg,157840,181
train_val2019/Reptiles/181/17eeeff7d41d12747203332c389460d6.jpg,185027,181
train_val2019/Reptiles/181/75510721e579285efad0c10471410e3f.jpg,241454,181
train_val2019/Reptiles/181/08fb59f351173a712217a642a029ca27.jpg,8929,181
train_val2019/Reptiles/181/0adc70fb838505c1a672016b58470637.jpg,145722,181
train_val2019/Reptiles/181/28654eca1b8e4c23e2f8641ac74c2f25.jpg,5866,181
train_val2019/Reptiles/181/8b8610acfd5fcc83fdd7c33c6933c2bd.jpg,233123,181
train_val2019/Reptiles/181/fd0b7707b3e443284ee6707c1b27873f.jpg,218263,181
train_val2019/Reptiles/181/3c4c8ee1d5417b078d10b6c8d3316f92.jpg,233110,181
train_val2019/Reptiles/181/ca59bea80d368cbaaaf4ae359d86489b.jpg,124900,181
train_val2019/Reptiles/181/e77e64a74750440a562fd14411524770.jpg,249386,181
train_val2019/Reptiles/181/23cadc6dd843015e55cd67380299e92a.jpg,130655,181
train_val2019/Reptiles/181/d08373f52a0282172e88f847e130cd1e.jpg,37991,181
train_val2019/Reptiles/181/5ea673202fcbc8f83250a73cc7c1f2c9.jpg,58854,181
train_val2019/Reptiles/181/ea87f804dd1960818c86a0d7de02e425.jpg,74658,181
train_val2019/Reptiles/181/586b6b63b6df2ecea50c4da199d43f49.jpg,197189,181
train_val2019/Reptiles/181/dfc6ffaba1d2983feed9b277159c2140.jpg,200270,181
train_val2019/Reptiles/181/c1e4866dce98789728a7596a048dbe13.jpg,232934,181
train_val2019/Reptiles/181/d04e6bc49607bbe6e040fd28123916f4.jpg,210109,181
train_val2019/Reptiles/181/c3a51fa5a91510ef79ba3058b560a2b9.jpg,218643,181
train_val2019/Reptiles/181/a61f558db68d6b3bb462699cc772a646.jpg,12394,181
train_val2019/Reptiles/181/f3a939431cfe57a3bf6cf19fc8173079.jpg,248542,181
train_val2019/Reptiles/181/556539721fd915f29425b8fd6c123392.jpg,51223,181
train_val2019/Reptiles/181/8366d4c02a2dcb8859c3e0f1a786220d.jpg,144917,181
train_val2019/Reptiles/181/5bcc4ccec06b96e5678ee845f619e46d.jpg,171562,181
train_val2019/Reptiles/181/028b9aaa7c8bb21e13da4111cd00a41a.jpg,196889,181
train_val2019/Reptiles/181/08c074d30d5abae483ac690729de90b3.jpg,125635,181
train_val2019/Reptiles/181/e3abff693e610bf37466d03ea2673455.jpg,148417,181
train_val2019/Reptiles/181/8f8af86adf8b45990cb5b12ac5d98ddd.jpg,59059,181
train_val2019/Reptiles/181/d7b9c09dd642ff82c87a1d77f22acaff.jpg,125631,181
train_val2019/Reptiles/181/0bf2cd174033b01c34129cc993246825.jpg,212268,181
train_val2019/Reptiles/181/7b2ba1dd9691cbd4de4a0be7b516d54f.jpg,226121,181
train_val2019/Reptiles/181/2727c44a3895854bab4458a43960f9c5.jpg,130106,181
train_val2019/Reptiles/181/9671fdc2d49221b53a2fb3ff856d9df6.jpg,98648,181
train_val2019/Reptiles/181/6f6db46f7eaaacef7f32169359f55b17.jpg,167180,181
train_val2019/Reptiles/181/106e714809d31504533c861a57817d5a.jpg,218560,181
train_val2019/Reptiles/181/9b797fca0b43f08174cbacfc069b4ee7.jpg,185708,181
train_val2019/Reptiles/181/17040808d5744d69fb17e3931895450b.jpg,113236,181
train_val2019/Reptiles/181/a4a46fb354fd0126db1fc0f87f6771c2.jpg,125463,181
train_val2019/Reptiles/181/51593fae14da9c25bbf3d3ea9acdf64a.jpg,144757,181
train_val2019/Reptiles/181/220dc54bc7b937f9a0a3e572461c2dec.jpg,196790,181
train_val2019/Reptiles/181/a4ac9d7afbfeaed3e4cf78106495c516.jpg,65933,181
train_val2019/Reptiles/181/f4141f22661bd9a0e5627773fa87a184.jpg,102331,181
train_val2019/Reptiles/181/aa1aed0fa13c95224fde7aa2439c3808.jpg,45312,181
train_val2019/Reptiles/181/6939e1064684fadb78daf1d38169e80d.jpg,195995,181
train_val2019/Reptiles/181/ded74f8882c5f0473d7cf68ba1d02d50.jpg,263988,181
train_val2019/Reptiles/181/bf53fc9e497d7dae0dad4e9b51a84870.jpg,226778,181
train_val2019/Reptiles/181/9302d36d73ef7965bb07c7d07f3c2f21.jpg,158179,181
train_val2019/Reptiles/181/6d226d0812afd97ad8117cb8e27ad629.jpg,53770,181
train_val2019/Reptiles/181/7da8993af1c12fd666c13033728782f9.jpg,158170,181
train_val2019/Reptiles/181/1b023c21b249bc63473883081eb7d0fb.jpg,110763,181
train_val2019/Reptiles/181/ddcf29d24c72526f6be651d300c69b0b.jpg,255306,181
train_val2019/Reptiles/181/aa088228ab1c68d19045fcf2b441e9e6.jpg,65990,181
train_val2019/Reptiles/181/d7893e8c2e6003741688e8fb3e94488f.jpg,144509,181
train_val2019/Reptiles/181/d739d5d5929ffe659aab357d16cfb71c.jpg,255361,181
train_val2019/Reptiles/181/50bfd4cd26861227e65366fce0526523.jpg,245576,181
train_val2019/Reptiles/181/23b0f7e1d04d5e8d1a4d5e6c4e3887fd.jpg,30196,181
train_val2019/Reptiles/181/4a7e5d59e34560f9d223578c190f2223.jpg,183153,181
train_val2019/Reptiles/181/8128b6c2ef55b0789de4b132e2d834d9.jpg,14711,181
train_val2019/Reptiles/181/13854a31e6ad81ed5d1689cabe81bb34.jpg,218441,181
train_val2019/Reptiles/181/475e79661ae07c515b0b5e0efe3874ea.jpg,255373,181
train_val2019/Reptiles/181/ba800b5f3e49f9d0645707c8d9ad3858.jpg,197214,181
train_val2019/Reptiles/181/15bf8b103eee1775ac7ac08a0a4fed2f.jpg,129712,181
train_val2019/Reptiles/181/5800666b89b7d13221941f0dda60fd7b.jpg,171468,181
train_val2019/Reptiles/181/0199e15282b64522863be3298a1b20e3.jpg,45357,181
train_val2019/Reptiles/181/908eb4f8c795585566245ddf675510f1.jpg,37507,181
train_val2019/Reptiles/181/8785582b727074022b3fdee2138f9570.jpg,110233,181
train_val2019/Reptiles/181/b966c5b4ec9fdc931dbf9edc741fea68.jpg,185449,181
train_val2019/Reptiles/181/fbca4a8879c884bf6544718a2460004c.jpg,163294,181
train_val2019/Reptiles/181/0b892b188986ad5ca1c949fd87d60db3.jpg,53895,181
train_val2019/Reptiles/181/2f65314f29c5b8dbb7a0b004d21de6d9.jpg,49638,181
train_val2019/Reptiles/181/09828a008a0737f25bbcf2b47e28d7b6.jpg,167561,181
train_val2019/Reptiles/181/49caed06e5166188245c28cf93480f97.jpg,113724,181
train_val2019/Reptiles/181/110e2bc1975c950d4a9863ad6c1b4172.jpg,232687,181
train_val2019/Reptiles/181/acf47add0854ef19d75b6d188ca0d8bb.jpg,8744,181
train_val2019/Reptiles/181/7ae744a14b82ae6e3c735aa8ec8f5c38.jpg,65329,181
train_val2019/Reptiles/181/1efe3fa44767e5b3ce7aca69a131cdd8.jpg,248366,181
train_val2019/Reptiles/181/b277ed33400fcca03418ded18b4b8cb9.jpg,17539,181
train_val2019/Reptiles/181/a575cb620e99effd3e3ca3dad31167f6.jpg,49761,181
train_val2019/Reptiles/181/a68dda2c7ed22a602866b6ccfcea078c.jpg,36877,181
train_val2019/Reptiles/181/f478fa3533aa1e763c0507588fd1b04d.jpg,85485,181
train_val2019/Reptiles/181/e437cf1a58f7ea84d0600d86517b0954.jpg,84238,181
train_val2019/Reptiles/181/76b83d96d573a1d00ec603dddf001516.jpg,8756,181
train_val2019/Reptiles/181/cf2712610dd6ef352dc18b65e184fb5b.jpg,167757,181
train_val2019/Reptiles/181/554b34b020e0fad34f70331777a65850.jpg,45509,181
train_val2019/Reptiles/181/628e08e91bf3b3a0210b1d95216cc78c.jpg,162966,181
train_val2019/Reptiles/181/22c08aa32b2535dcf31f6c993645e357.jpg,36904,181
train_val2019/Reptiles/181/4c8d46b439d60a3316179e5c2e47ca16.jpg,224730,181
train_val2019/Reptiles/181/1c148e2851cf9de1293828d9c0bdbac3.jpg,210923,181
train_val2019/Reptiles/181/f2e66ed4bfb275c262092cca3fa939c7.jpg,260029,181
train_val2019/Reptiles/181/c4b45ef808d6abb27c581d6e31078b6e.jpg,237781,181
train_val2019/Reptiles/181/f321457ed04dbf744d654dda5664107e.jpg,249196,181
train_val2019/Reptiles/181/754f8aa040c1e4345da28107034027cf.jpg,183692,181
train_val2019/Reptiles/181/9bea1e9dd0e50d0a742b12c42d3f5dd5.jpg,5552,181
train_val2019/Reptiles/181/8754e6bfb1cbd89dd8b1628104e13ff9.jpg,218190,181
train_val2019/Reptiles/181/6bda618df00ff27b279a7b2d24d46933.jpg,201179,181
train_val2019/Reptiles/181/cf1fd6f7c8203ce8a1c74f8eaaf3a7fc.jpg,64901,181
train_val2019/Reptiles/181/c71fae894d5260e9de17fca430a9a587.jpg,127542,181
train_val2019/Reptiles/181/d296f507742764c3c2d9f1d37f4a08a0.jpg,157125,181
train_val2019/Reptiles/181/bdc3995a9ebab99ba96cce143e5a1efa.jpg,259889,181
train_val2019/Reptiles/181/62cc5b0452788a05f75163be600d3188.jpg,211296,181
train_val2019/Reptiles/181/705a0474534c31e4a97fe6fadfa4e0a2.jpg,90201,181
train_val2019/Reptiles/181/6d622f8b584fe92c67c6c39a6ca0c376.jpg,98341,181
train_val2019/Reptiles/181/1a917e809a9b137811c5e7a78119018c.jpg,59411,181
train_val2019/Reptiles/181/5fc22c3230573a38f7510392316977b1.jpg,127644,181
train_val2019/Reptiles/181/183441073fd3621fdd841683548bf5c9.jpg,77306,181
train_val2019/Reptiles/181/ece7f55d87b91eca84de6015bb16dcc4.jpg,182364,181
train_val2019/Reptiles/181/0d967d852038299446d6ce3a3dc8506b.jpg,25181,181
train_val2019/Reptiles/181/266da4a24cd8a929ad71596ec1cb55ea.jpg,49885,181
train_val2019/Reptiles/181/c569084d2647c3fbad75cd44ec167f61.jpg,101320,181
train_val2019/Reptiles/181/1dc704fa93fb986e207854f2d2376b06.jpg,209315,181
train_val2019/Reptiles/181/0862d23c6691ba3b5f32caf92dd972be.jpg,147188,181
train_val2019/Reptiles/181/b90da80274ef79bf8fefacad57457c25.jpg,242557,181
train_val2019/Reptiles/181/4960915100e2fe07724aae1355b15638.jpg,29541,181
train_val2019/Reptiles/181/e0ea3234e4b734073113bbbed0801d09.jpg,237828,181
train_val2019/Reptiles/181/9651271e6e47d771f2482d1536ef1ff9.jpg,159212,181
train_val2019/Reptiles/181/f7ca8c4d87e8c277483eee821062cc07.jpg,219385,181
train_val2019/Reptiles/181/0442087332d6cc5ff9e3e83e1c1bb403.jpg,65114,181
train_val2019/Reptiles/181/f3bb06358286723e3189e62b4a5564cd.jpg,8695,181
train_val2019/Reptiles/181/567f499ab24f0e7e73c0faa21ff11138.jpg,127086,181
train_val2019/Reptiles/181/e0bd6e78bd2d18aef409601ffad7093d.jpg,5780,181
train_val2019/Reptiles/181/630127f9e67e26e7774fc5592eac8487.jpg,255114,181
train_val2019/Reptiles/181/7d06a55695e2aa6942cbecc6f0fe5559.jpg,94099,181
train_val2019/Reptiles/181/e66e5743c31b2c8102b62644f5855e43.jpg,65562,181
train_val2019/Reptiles/181/2bcc69e37b1d101f9f0a1a72fa3626a4.jpg,183607,181
train_val2019/Reptiles/181/0a8ab819235d0eb068de3993f5e04dc7.jpg,50003,181
train_val2019/Reptiles/181/0ad3384c447df6c31a584802f6b46c6c.jpg,186198,181
train_val2019/Reptiles/181/feef83a0315abf63f95259b22dd6fd14.jpg,65551,181
train_val2019/Reptiles/181/61ab874276f178f60ee6db9e608b0d48.jpg,260046,181
train_val2019/Reptiles/181/bbff2fb190ec88be71645a7361e12bca.jpg,5811,181
train_val2019/Reptiles/181/bddf2be8a3d564ccc0a9656e24f23b3f.jpg,49704,181
train_val2019/Reptiles/181/a28952193fa243f61312771b1950b531.jpg,85443,181
train_val2019/Reptiles/181/1392009d0974b3212a6cff12d8106694.jpg,102942,181
train_val2019/Reptiles/181/91de0965fc74fdae2ecca3e8aca90a54.jpg,174972,181
train_val2019/Reptiles/181/b1e608d65e579c3c910dac1e3ebd62eb.jpg,212752,181
train_val2019/Reptiles/181/2f064670caed8093803e66ba0929c594.jpg,196932,181
train_val2019/Reptiles/181/755adfeebb64b2c52aa29565fe761ca7.jpg,75133,181
train_val2019/Reptiles/181/ab912fb9738bdc267688696eb7e9351c.jpg,20765,181
train_val2019/Reptiles/181/193e1fcba54e7eb83b471deb7551bc13.jpg,225198,181
train_val2019/Reptiles/181/4d1fabe18e864c74c660b8c2abbd2ac0.jpg,36974,181
train_val2019/Reptiles/181/28b1d85e5cfce12b786a5f67e34a3a3d.jpg,126845,181
train_val2019/Reptiles/181/24f02e5532992f64247219c04eda2ee6.jpg,168104,181
train_val2019/Reptiles/181/4d2518186df9f3381d420b907479a9be.jpg,17319,181
