FileName,ImageId,CatagoryID
train_val2019/Plants/337/d6584524b203fde1465f573da212c635.jpg,83949,337
train_val2019/Plants/337/7b0cee42dab218d2325043edc43cd5b4.jpg,144033,337
train_val2019/Plants/337/ad750799e073dc1e17aeb9ac58fb8f21.jpg,10137,337
train_val2019/Plants/337/392dd06e1720bb9573f3371c02b06e87.jpg,177005,337
train_val2019/Plants/337/18d715d5e05defe27c502fa0ea6e32cb.jpg,222486,337
train_val2019/Plants/337/9e79d9a4acb411945ae12099f6e2cd78.jpg,132486,337
train_val2019/Plants/337/b7c27e1032e1db623b4226f961784aea.jpg,117490,337
train_val2019/Plants/337/d89eb62b7cab3cb58353ad3d263e81b8.jpg,176838,337
train_val2019/Plants/337/fdde1e397595a3114b4627e5363c22be.jpg,58264,337
train_val2019/Plants/337/1f1a1dc7feba883840bc2d98a85ea54f.jpg,155002,337
train_val2019/Plants/337/953001126914a575617dee667fa8ff81.jpg,254047,337
train_val2019/Plants/337/3259f9b48c811d6456cc2e52efb28822.jpg,97973,337
train_val2019/Plants/337/6f04144be46335090949f4edacba2b9e.jpg,242114,337
train_val2019/Plants/337/b45e4caed7fc1f9e1d240122433f8160.jpg,110469,337
train_val2019/Plants/337/96c71efcf272b7cb9c518e4c7ca09c70.jpg,251913,337
train_val2019/Plants/337/82aafa729dd72426ce724819393e23da.jpg,10903,337
train_val2019/Plants/337/65545241d508b188b8c113ba696b10b0.jpg,157275,337
train_val2019/Plants/337/fc81872c81bdc498b6baa22d74e7d9eb.jpg,257869,337
train_val2019/Plants/337/97d8aacc4806b07f74e7dc2aac39bc4f.jpg,103452,337
train_val2019/Plants/337/62f0d4d7eea46733ef94e93226b1b881.jpg,189862,337
train_val2019/Plants/337/218e6cf9d90348fac8023947338cc7fe.jpg,40041,337
train_val2019/Plants/337/3642b8a50b5c3b3052c4ec0111f1e150.jpg,76132,337
train_val2019/Plants/337/004abc5cd042c456f1ece514c85d220a.jpg,111426,337
train_val2019/Plants/337/cb1e1c1f6c165fa945460a2aeb3af8f5.jpg,161966,337
train_val2019/Plants/337/abd58ff743a967efb1875da5a0f3121c.jpg,75835,337
train_val2019/Plants/337/6e41e9c5f0aa86023f3bd189c07e8794.jpg,210848,337
train_val2019/Plants/337/a998d7a6def88c35e34fd017020bf7dc.jpg,176089,337
train_val2019/Plants/337/b3bc346b83c0230853b769814bbab7d2.jpg,218040,337
train_val2019/Plants/337/6a2f40167bc6f2e01e7ff72f09a246fe.jpg,26892,337
train_val2019/Plants/337/501dde6ef8be038bc72a8ce17f20b9e3.jpg,186030,337
train_val2019/Plants/337/246546b0b833edec6f6b04d2fe8728c8.jpg,73340,337
train_val2019/Plants/337/1a07ff1577036490dceebcf8739e85da.jpg,112693,337
train_val2019/Plants/337/f0379da358aca09ef3396f86e7efe2a4.jpg,2538,337
train_val2019/Plants/337/19bad3e4c61d255226771ecf76099670.jpg,36570,337
train_val2019/Plants/337/4c39fc89e1d5af7f7452de36887550c4.jpg,208478,337
train_val2019/Plants/337/6298507ae1d17e4c879269c2c1d1421a.jpg,98861,337
train_val2019/Plants/337/5bbd19892726f4a23e77e5be0e46c0dc.jpg,236807,337
train_val2019/Plants/337/c25588eccade16c93ae3d19e3a502922.jpg,20827,337
train_val2019/Plants/337/a09ccec3aeb83d8058f9e041ac7d69fc.jpg,82415,337
train_val2019/Plants/337/d3f1f671c043ada8ecb3907bed6aafc6.jpg,255921,337
train_val2019/Plants/337/75db5df87cc976dd04640468c3113f46.jpg,136357,337
train_val2019/Plants/337/d2733f9a3dc33b275f70303cda8581dd.jpg,115031,337
train_val2019/Plants/337/0269157617ae98c88edca55e8e90fbc2.jpg,28569,337
train_val2019/Plants/337/334f87992365f0e439c2ca4709214f95.jpg,56199,337
train_val2019/Plants/337/3fddaf3d4813d68121e7e3e5bddb1e96.jpg,254430,337
train_val2019/Plants/337/2e3675bbf0f3fdf3a7bb4628347a6a08.jpg,25427,337
train_val2019/Plants/337/6b6fedeff25e1c9d39716c6f6cf0359b.jpg,1910,337
train_val2019/Plants/337/32bcc058b5876f15cf4fce42e1625bce.jpg,122330,337
train_val2019/Plants/337/c086e237f9c6fc4e7d077d8e84088025.jpg,226497,337
train_val2019/Plants/337/392e24226689b00b606d734728d3ad23.jpg,132900,337
train_val2019/Plants/337/e5d8b63c7e6a8e655646bf5c10d5cc15.jpg,90244,337
train_val2019/Plants/337/f0e84da1f4d7e811e0bf6f064e0cf8b9.jpg,171441,337
train_val2019/Plants/337/6f47ae34e63fdea51f099ba42b32ab5f.jpg,101877,337
train_val2019/Plants/337/91ae5d8413b8d2bc891e509747eb9058.jpg,175253,337
train_val2019/Plants/337/1ec659fe9c5189570584f0a83524ff41.jpg,186954,337
train_val2019/Plants/337/544f3b4fdd198e3d4d54ad8f99643cd3.jpg,74097,337
train_val2019/Plants/337/86633f63b4a0fdcf2140dd792b84e7c0.jpg,139259,337
train_val2019/Plants/337/1139ff746d91a16ad984d4761473a162.jpg,180301,337
train_val2019/Plants/337/8ddd5afce2c345b96664e15686a86c77.jpg,125683,337
train_val2019/Plants/337/aa1d594389959855dc45ba6fe5233ead.jpg,129152,337
train_val2019/Plants/337/31deafcaacfd5a1ca384389501297844.jpg,96973,337
train_val2019/Plants/337/fcaa8c5e0c1ada61c8baa0ac4c53ad08.jpg,91356,337
train_val2019/Plants/337/f02771546470732bbe75b2a0a1d482ce.jpg,118838,337
train_val2019/Plants/337/151ee35cccf69b7284e3907dc166fbfd.jpg,152797,337
train_val2019/Plants/337/798eeebd2841113aa6abbd30c762272d.jpg,100256,337
train_val2019/Plants/337/f03e9594292e4ee25ec8c8c3ca248bce.jpg,123743,337
train_val2019/Plants/337/a587e885df2d8a949c911863a23ef934.jpg,30237,337
train_val2019/Plants/337/83506cbff8de0f2565413dcd6c0dc944.jpg,70535,337
train_val2019/Plants/337/5e446e971e527655ca88fbe3a1478c3e.jpg,1386,337
train_val2019/Plants/337/837dc22e1a8040b2596ae8c59b9cd58f.jpg,141402,337
train_val2019/Plants/337/5fc613852fe74d10ab41e6543631652a.jpg,121016,337
train_val2019/Plants/337/026bf6fc8a75f1231d887716316ef1e9.jpg,48330,337
train_val2019/Plants/337/ce661cb3049c844ea632d84ab3544dc2.jpg,256804,337
train_val2019/Plants/337/16e2f50cc5bea265f745c963d4aeeb10.jpg,11663,337
train_val2019/Plants/337/e65902391da0216f9d57494256fa529e.jpg,234328,337
train_val2019/Plants/337/78790082738306299e254619de61bfd0.jpg,118303,337
train_val2019/Plants/337/c92183ddbf6f66d303982103aaa28bca.jpg,189357,337
train_val2019/Plants/337/bf554ba3dc6eb75c54dfe1f41ff2c12f.jpg,123508,337
train_val2019/Plants/337/cb02b462deaa4648ac94e64ec893d04f.jpg,204077,337
train_val2019/Plants/337/50dea34d53475b40fe87aadff6532611.jpg,98214,337
train_val2019/Plants/337/25aa509a04d259abdca6a4f343fd1097.jpg,47571,337
train_val2019/Plants/337/2ccbde6b5d5d2bbf6b6a06d457681a34.jpg,15850,337
train_val2019/Plants/337/a0b499bdd79960518470513d43033a0b.jpg,18779,337
train_val2019/Plants/337/d6b02d884f24a3e6c2420398da442293.jpg,114090,337
train_val2019/Plants/337/78b569a056d6b0a28fe9321e7efdd94c.jpg,85222,337
train_val2019/Plants/337/f2e3e1f854a5bbad430e54a11b935cf0.jpg,77544,337
train_val2019/Plants/337/6e93501f36e3660423cf383265d01b9d.jpg,142679,337
train_val2019/Plants/337/7f2fdab21373c3450b7a3b001c05d1ba.jpg,229443,337
train_val2019/Plants/337/9c9bc6c2ca99f8d40d42e76e4362285d.jpg,34025,337
train_val2019/Plants/337/91583b101789c7c17da146952226a0df.jpg,208066,337
train_val2019/Plants/337/e1cfce49fccbd3f464e3499d9b5e0740.jpg,102164,337
train_val2019/Plants/337/927f438fae91aa0444bd99e919a726e3.jpg,249806,337
train_val2019/Plants/337/5ed70dd28a37b4bf2b1df8b346d958c5.jpg,86360,337
train_val2019/Plants/337/d68924c9e596808e0066caaf363f3b99.jpg,81901,337
train_val2019/Plants/337/9255607b2e09f8bbed8b0c29cf558bb4.jpg,216829,337
train_val2019/Plants/337/6b28a62c6f68401ffd015b8f39c06719.jpg,22904,337
train_val2019/Plants/337/78a005eef2325834bd96edf45746265c.jpg,215617,337
train_val2019/Plants/337/f1f5778d34290e50f260216dac4fd043.jpg,41419,337
train_val2019/Plants/337/512799fa0e1fba772a0f4177a5f0e8c2.jpg,127945,337
train_val2019/Plants/337/301ad79f061d46faab4eb8554f3ad344.jpg,151509,337
train_val2019/Plants/337/1d1f6ed80ee16bc1f9ab4b5e1df84eb0.jpg,201235,337
train_val2019/Plants/337/38b51bfcce20da2731e0224b17ce363d.jpg,100593,337
