FileName,ImageId,CatagoryID
train_val2019/Plants/555/472b29567cb320b9a8fecd6ab65f26c7.jpg,25851,555
train_val2019/Plants/555/b2c31bb3bc61d55c6a5acde059d8a319.jpg,130138,555
train_val2019/Plants/555/25b42698fad0fb7a23798a6f0ee02da8.jpg,37174,555
train_val2019/Plants/555/f43087e38523a6e5125ee2e15fa7d0c2.jpg,18646,555
train_val2019/Plants/555/b75a75a805ec9744a7f8bfc1672d756d.jpg,250509,555
train_val2019/Plants/555/4d04d53e02900b49fbebfd1e3ec8a5cb.jpg,24357,555
train_val2019/Plants/555/273e1c98e323a95bf0ef98a33913aa4f.jpg,217960,555
train_val2019/Plants/555/852a5ff171882defb577121fecf96a51.jpg,62904,555
train_val2019/Plants/555/b47b909e4ac10f0c6a577836bcccf413.jpg,233923,555
train_val2019/Plants/555/0b551e698a80343ca0786ca52baa21c9.jpg,71456,555
train_val2019/Plants/555/514d75a376d053b94a38a71e192348e6.jpg,205844,555
train_val2019/Plants/555/4694ea673322aa9ae03c6f4594fce245.jpg,72513,555
train_val2019/Plants/555/6423f8ac7e1248b6a53401a5f3b58e24.jpg,192171,555
train_val2019/Plants/555/f181185b41b81df144dfea18db878c88.jpg,205562,555
train_val2019/Plants/555/d91fb3aeee7b21e93c0cddfa8b088117.jpg,45529,555
train_val2019/Plants/555/ecedcc1a62de67ffb1f66f1287051852.jpg,94219,555
train_val2019/Plants/555/a6ac86726b1dba13c60671d4213db8d4.jpg,72563,555
train_val2019/Plants/555/9230843097687f0bc6d9d8ea2ec20241.jpg,54733,555
train_val2019/Plants/555/147ab03239053ca71359ac136dae86a1.jpg,250586,555
train_val2019/Plants/555/8400cc0c1776bedea762b38b55004ae9.jpg,94618,555
train_val2019/Plants/555/a82f47bbbeb40d6d1dce5ec66b82f9d2.jpg,187401,555
train_val2019/Plants/555/6a89e1bd23365b1675ea127ce8ba4868.jpg,135435,555
train_val2019/Plants/555/2cc8566dbc62d58fa041ef1b4e4f144a.jpg,250088,555
train_val2019/Plants/555/9e78be4cc9f6b891519b895da5c57cb4.jpg,132290,555
train_val2019/Plants/555/4e9defc57089fcf6ef6a9635672301a8.jpg,165858,555
train_val2019/Plants/555/ab92ec22116b515191ab6c4777c1a13f.jpg,147535,555
train_val2019/Plants/555/f9f951d1806cce9744a966d8b87702fd.jpg,264355,555
train_val2019/Plants/555/2d01da472b51a0474f4e4f60cb36b6bd.jpg,93719,555
train_val2019/Plants/555/f91ceeb513d1b4ea027475e434661f1d.jpg,111679,555
train_val2019/Plants/555/ac8f4cac1bdf21425ad20ad0faed9575.jpg,191968,555
train_val2019/Plants/555/e46928ff2e99b87add9c88016c9a767c.jpg,8156,555
train_val2019/Plants/555/dcce9dbfb77f379ba870da723ddd3390.jpg,81892,555
train_val2019/Plants/555/530cdb1a1181c5493274a9c401e04233.jpg,220928,555
train_val2019/Plants/555/39fa02582a388c103865de2239157174.jpg,253364,555
train_val2019/Plants/555/9fe15b2d65dd882bf97bdd46f9666864.jpg,183347,555
train_val2019/Plants/555/4bf15861bda6d4ef432753279fc2fa43.jpg,233858,555
train_val2019/Plants/555/4c538e219c910f0925e3d7c4b14bc4f1.jpg,81717,555
train_val2019/Plants/555/0063d26f4e564ba88729c06b474171f6.jpg,55498,555
train_val2019/Plants/555/aa7d12ee851b0aa9a8cae48707b67760.jpg,83620,555
train_val2019/Plants/555/650813cad497e0a114a12c241c1a4f00.jpg,234039,555
train_val2019/Plants/555/fac4d6ef42f14435a7e4f04e5742d706.jpg,206894,555
train_val2019/Plants/555/13b45aa6dc41f8c0fda07e618ac51737.jpg,135616,555
train_val2019/Plants/555/df4d203b20d7d4d028b4eccbcfa4d246.jpg,164375,555
train_val2019/Plants/555/aec548c83320c6ebd144c10f75ed1bbe.jpg,93680,555
train_val2019/Plants/555/f736f546e6e98b6624430d6b8682738a.jpg,95069,555
train_val2019/Plants/555/ac34aa2fc36e5498582dc9ca7833e7a3.jpg,177087,555
train_val2019/Plants/555/8e192c766a73bcd4ca0934a17f2e326f.jpg,234051,555
train_val2019/Plants/555/acffb085d8174312745cc3f9db949027.jpg,33064,555
train_val2019/Plants/555/20810d73570b196c1e3283396284ec0a.jpg,262874,555
train_val2019/Plants/555/8f9758eb218af217e6d16e5960a3cd35.jpg,166073,555
train_val2019/Plants/555/8392f5e7aefbc705b4aa7282d7fe521e.jpg,215270,555
train_val2019/Plants/555/68996fc390e6734ab386f1927b252687.jpg,232468,555
train_val2019/Plants/555/255c3afb722caf287b3627dd4340d923.jpg,250847,555
train_val2019/Plants/555/39056016ae5b344c75ca218039149d74.jpg,45667,555
train_val2019/Plants/555/08731a7e1ca646fc33c9c4cb718252e3.jpg,176336,555
train_val2019/Plants/555/9676781b5d1fc406f3ca9561d742259f.jpg,201495,555
train_val2019/Plants/555/da1862088babb9c7f8b59bef72f464db.jpg,111815,555
train_val2019/Plants/555/11f3ca91477bc6a7aa6b3089f0e45991.jpg,167215,555
train_val2019/Plants/555/5023e2b9650c7ff5e3c0b61ead5f9c40.jpg,134946,555
train_val2019/Plants/555/ddc08bf8ab7e51a735ed46346c4b1c5a.jpg,206610,555
train_val2019/Plants/555/1b5d08f8e8f15304742317f323abd295.jpg,46342,555
train_val2019/Plants/555/86fcbf944cc79e6f996dd9373efda173.jpg,32369,555
train_val2019/Plants/555/8f8f384e20f208efe8abcd23f297ce6a.jpg,249945,555
train_val2019/Plants/555/4833886b1201632afd8f2b53028a1070.jpg,32335,555
train_val2019/Plants/555/ada0819a4a8aff6347a6385144e060e6.jpg,37778,555
train_val2019/Plants/555/23ff441b39c212c3d18f4feea026ed96.jpg,81579,555
train_val2019/Plants/555/7972c779edf6fdd868eba9269dd2c39a.jpg,42424,555
train_val2019/Plants/555/eda47db45f9a747a02841527de009545.jpg,249976,555
train_val2019/Plants/555/34f66cd25c5e8a04e4fb48c0ed15a43a.jpg,94792,555
train_val2019/Plants/555/6586653dc29e2d7b646c739ffac7e49b.jpg,32916,555
train_val2019/Plants/555/57389e1995ea1990c63d4f1366c35737.jpg,6335,555
train_val2019/Plants/555/55c3b515b08c9ca2f54ac0472b595665.jpg,16781,555
train_val2019/Plants/555/54dece9ced0452cc647f644d9cf5c4d1.jpg,96509,555
train_val2019/Plants/555/a0c91b7f4256d9bb60672f6f4301bf51.jpg,72466,555
train_val2019/Plants/555/8754399ed7e736ba94bcf101f1d8589e.jpg,231431,555
train_val2019/Plants/555/308ebd04747a451e5bb326048820aeb4.jpg,96423,555
train_val2019/Plants/555/e2d5f0aadaab3168d9bdb039d07ee256.jpg,48607,555
train_val2019/Plants/555/6899234ea75902cf74bbed1a4d6029a5.jpg,133243,555
train_val2019/Plants/555/ccd5b1aeb7b6fc8664953f43a14478c8.jpg,150454,555
train_val2019/Plants/555/342d1107e7e4be09ca8b379753ed8290.jpg,266,555
train_val2019/Plants/555/0938a64e1319a34206aeb0bc6eb96843.jpg,97135,555
train_val2019/Plants/555/d2c6ca05bd4b6e21beaaa029d4e16ce4.jpg,165080,555
train_val2019/Plants/555/3399727e17c31c827b4154189344c376.jpg,81792,555
train_val2019/Plants/555/a21a7f612a6aa5e8519edbbb0a787658.jpg,33107,555
train_val2019/Plants/555/dd3638fb760952f0bd40e7b416fd4fde.jpg,16685,555
train_val2019/Plants/555/ec6a60bccffece2a62b4a59ca47107f1.jpg,167307,555
train_val2019/Plants/555/07732a1f3111311d740f2a00787d8a86.jpg,18377,555
train_val2019/Plants/555/6f78bef54fc492b743b41abe089dda6b.jpg,134928,555
train_val2019/Plants/555/81533445b77d715df5b4bd4708b6870c.jpg,96399,555
train_val2019/Plants/555/121200451941f1bd44f5c5762fbeeb59.jpg,32303,555
train_val2019/Plants/555/1ca37404e69f63d459323f52de11a98b.jpg,167233,555
train_val2019/Plants/555/ec00767b8324504d846e2a358d8332a0.jpg,263613,555
train_val2019/Plants/555/c2dc9827efd5b2bf6c5ea100f21f7376.jpg,181036,555
train_val2019/Plants/555/a2f9fea0ad53703e70a13953d10fb275.jpg,112881,555
train_val2019/Plants/555/7d6ec2c053a53648ce5f40a42a89a5bc.jpg,26156,555
train_val2019/Plants/555/7944f9aa35a4a3397d1d3351cabb5dff.jpg,116846,555
train_val2019/Plants/555/80d5569c0c08f7cbc7f0b76849e4321f.jpg,8215,555
train_val2019/Plants/555/225639223ddbb1848fa26badfe1f44af.jpg,186975,555
train_val2019/Plants/555/668ff39a3a9200a810322c24a87fa9b2.jpg,172332,555
train_val2019/Plants/555/7da9d9cc79fca69751f16a687e7b8ed4.jpg,187707,555
train_val2019/Plants/555/07fe9137670899d6ad76d7e799747403.jpg,234311,555
train_val2019/Plants/555/ca6a828a263e3b2ac8990116d9b578c8.jpg,187245,555
train_val2019/Plants/555/90a66abf6a2adc5670bf543bb66145b3.jpg,250611,555
train_val2019/Plants/555/f3282622ba5535633ffd845ee2c62f5f.jpg,40405,555
train_val2019/Plants/555/8e1be7c486fa56c89b52d0fec3fe5cda.jpg,40369,555
train_val2019/Plants/555/22e1e01d94d9ad72a39dec63c28bb559.jpg,250476,555
train_val2019/Plants/555/e83ae14e591ac6bdf2df9700e77d60a9.jpg,218343,555
train_val2019/Plants/555/ba1464c4e18848f43fa58ccd59ba2099.jpg,187917,555
train_val2019/Plants/555/58c4edee1dcbaeb2958ae6ff9c3105fb.jpg,150858,555
train_val2019/Plants/555/fd32400a8a3c7977de68f10e2577a93a.jpg,264072,555
train_val2019/Plants/555/8a5636e58a50b06d257be8eaa5a2ec98.jpg,53918,555
train_val2019/Plants/555/3f7bc3613e0f12f51aa8a12c8ced89e6.jpg,48960,555
train_val2019/Plants/555/d28a8949b53680411b459f6a1ade0724.jpg,32598,555
train_val2019/Plants/555/d0524f0252159a7c33c89458a54b40fb.jpg,246769,555
train_val2019/Plants/555/2dccb335e1b6e0ef277f4a73df43cc2d.jpg,234251,555
train_val2019/Plants/555/0cf9db74cbb4724387cb3a5198a76538.jpg,18100,555
train_val2019/Plants/555/8127c0e40dd540664e21d5626ba7f655.jpg,134115,555
train_val2019/Plants/555/10d87831aa936dcfe6efe69d4834a407.jpg,150860,555
train_val2019/Plants/555/bf22fc74e92a4562ce5a9c467b271682.jpg,165401,555
train_val2019/Plants/555/ac7196c423afa500fc6af0308ee3a71f.jpg,73950,555
train_val2019/Plants/555/f032df08ea58ed458a1bbcf076567a4c.jpg,48548,555
train_val2019/Plants/555/8c9e38a714e9662835d692d14ad7d870.jpg,165409,555
train_val2019/Plants/555/29a7ad8f045906cc2cc723ec0174a504.jpg,175875,555
train_val2019/Plants/555/609e9373c8f13d13be16e4bc0d77ee57.jpg,130656,555
train_val2019/Plants/555/1dc4c33363c15830cc2db7b03c616acc.jpg,54034,555
train_val2019/Plants/555/523cd9cf5f34e8bea7596d3b592f47a2.jpg,131409,555
train_val2019/Plants/555/f156914a9a3ad130e5dcb8db54c9df6f.jpg,62657,555
train_val2019/Plants/555/3da757ce71e6b15b34f847b5119ee304.jpg,187562,555
train_val2019/Plants/555/e32468e91fceaf2a6dfc5d29bbad21b7.jpg,62813,555
train_val2019/Plants/555/905e4d3f7980ef81b199f424f48053e9.jpg,112735,555
train_val2019/Plants/555/cc763f5cf45c5066e990fb89112dc7a3.jpg,16540,555
train_val2019/Plants/555/9347cff5f1fa008d40b61c0203a762a2.jpg,176734,555
train_val2019/Plants/555/62f947e5be04133964008397804aef28.jpg,55321,555
train_val2019/Plants/555/de16c00126226e8abf09426fa136af48.jpg,233,555
train_val2019/Plants/555/ecdd152f41a6c23f889544804480f580.jpg,217675,555
train_val2019/Plants/555/915bf21ea5f59a4ceb29301a1343bd83.jpg,263185,555
train_val2019/Plants/555/97e6546813776746d36cfdce4e1a715a.jpg,39660,555
train_val2019/Plants/555/337ec15d61ec59d11c540dcfb28c1b1c.jpg,176172,555
train_val2019/Plants/555/031fa12d055846eff41cb7751652724e.jpg,135185,555
train_val2019/Plants/555/93c9b171540d04528fd7efb1b3eedfa2.jpg,31884,555
train_val2019/Plants/555/c094c7d2b08c6a3e16f439b547370190.jpg,218174,555
train_val2019/Plants/555/d1be3e6e78e6ac26b95e87c34354de24.jpg,11124,555
train_val2019/Plants/555/b5a7f9df92d677db371927ec7d2a29a9.jpg,181071,555
train_val2019/Plants/555/43ea993ff7fee9b0726650c5d1c11ac1.jpg,6620,555
train_val2019/Plants/555/daa2a70cad572da822cda40946ff7b01.jpg,146727,555
train_val2019/Plants/555/ba723ec3af909194e43ac88d022bbba8.jpg,148770,555
train_val2019/Plants/555/12d6399a694df69ae528e38dfd185089.jpg,237072,555
train_val2019/Plants/555/e09760ce484f0a24311a40a641486b11.jpg,172419,555
train_val2019/Plants/555/99a42626ab103abc814579bb2784d75b.jpg,75313,555
train_val2019/Plants/555/d0903061c06235b1b16aa37600516f42.jpg,177671,555
train_val2019/Plants/555/3ac2dc1d2344064975df147fb756befa.jpg,149852,555
train_val2019/Plants/555/aa676153f1157b778e6c907c92ca515e.jpg,98825,555
train_val2019/Plants/555/bf3ecc9bb7f659a3481ccfe0dcc2cf75.jpg,88894,555
train_val2019/Plants/555/5d47398f44d220af2863a41650747f05.jpg,229513,555
train_val2019/Plants/555/048a3b6252b74a99e4bc62ec53daa9d0.jpg,158538,555
train_val2019/Plants/555/94bc3e52715ffa42dd6d71400094a90c.jpg,12636,555
train_val2019/Plants/555/de1aace4648163ab233109cfc4c89fe7.jpg,64037,555
train_val2019/Plants/555/3f0abec120e75172a1b06f38711e38a5.jpg,31182,555
train_val2019/Plants/555/82f4bf1b94629901367adbaf4090694e.jpg,184786,555
train_val2019/Plants/555/f3a4c88fd5db70f754f934653148ba2d.jpg,91632,555
train_val2019/Plants/555/13ec45de9382e42b4364174830978ce2.jpg,142508,555
train_val2019/Plants/555/6a49b2cc3d5a187daaaac9b827166cb6.jpg,191175,555
train_val2019/Plants/555/79b85564c56560c0c095f4f30ca97010.jpg,158320,555
train_val2019/Plants/555/9ffdc3dd1e978f13e536446cb2325b85.jpg,107113,555
train_val2019/Plants/555/83cf125739e23aa18a91800aba7f1eaf.jpg,142588,555
train_val2019/Plants/555/10bc27d5611249393867de34f5b1b3b4.jpg,7587,555
train_val2019/Plants/555/5c4c4766833e7812ff0e7a3024b2ac04.jpg,44762,555
train_val2019/Plants/555/9dbe4b9eace67b3b5c9512f7aa762879.jpg,58821,555
train_val2019/Plants/555/46a973a4dea6010eeef9b69618ebec49.jpg,115011,555
train_val2019/Plants/555/892e08e847f797cad5c76289477b7ddd.jpg,56260,555
train_val2019/Plants/555/e5deda0b48448677653322ac70f1de53.jpg,145764,555
train_val2019/Plants/555/650c8c6402d818bd7b94129e8f6a1faa.jpg,51565,555
train_val2019/Plants/555/3e5fcd0cbe80f59e4ebfa54804fe664c.jpg,60320,555
train_val2019/Plants/555/3294d7048fbd34724a0469e6f120e195.jpg,181570,555
train_val2019/Plants/555/6abf9de69503cbf0e4af82299634aab7.jpg,107210,555
train_val2019/Plants/555/65c75c90a04857f5f56e0f3ef85dce0f.jpg,89365,555
train_val2019/Plants/555/f3bba12a76d7b526f9c8ca280db3cde6.jpg,10762,555
train_val2019/Plants/555/1dcf45caeff44a5226a4a8984de845b4.jpg,25344,555
train_val2019/Plants/555/bee5c20d8f1a5cc51151b123ab49e94b.jpg,127576,555
train_val2019/Plants/555/995209c9c083ddbb7f0348ff43be1577.jpg,137839,555
train_val2019/Plants/555/9ab333863b17a2cd31dc6e7b85f19faa.jpg,47316,555
train_val2019/Plants/555/e9ce4a41ea037847ebf2d0256e9899e9.jpg,75555,555
train_val2019/Plants/555/47d0d80c2738fb90634e35ad50121f0a.jpg,198299,555
train_val2019/Plants/555/afa1f40845c3c64a61328f16d19967a4.jpg,183580,555
train_val2019/Plants/555/1bbe067cafe6e50b09b1c81ee111d35b.jpg,199187,555
train_val2019/Plants/555/8d6f5fa8e42790e4ab0545c790416cc1.jpg,215750,555
train_val2019/Plants/555/4c8e6cf2f7cb1295fcb9c53d87207622.jpg,219867,555
train_val2019/Plants/555/6463dac266e14ed3d1b21771a08a82d3.jpg,80795,555
train_val2019/Plants/555/0403abe1690700bfe87b585acf305630.jpg,122939,555
train_val2019/Plants/555/624f95e9fe9f1a665009cd43658e872c.jpg,89162,555
train_val2019/Plants/555/4e7d85d998f1328d532739692314da55.jpg,257887,555
train_val2019/Plants/555/e71fdb6fb3b5358ce1bbe1f868e025f3.jpg,216559,555
train_val2019/Plants/555/38bce846973d25e468e91bf7803718ba.jpg,241478,555
train_val2019/Plants/555/47f259c626c1098df355382ae394cf4c.jpg,122857,555
train_val2019/Plants/555/651141a46e0fbadbb36ea7b67ba2e4a9.jpg,141852,555
train_val2019/Plants/555/91361b1d36e3ae3725782d485e8c759a.jpg,19683,555
train_val2019/Plants/555/cb6e0662607e3a9ed86f5ab61f172733.jpg,89117,555
train_val2019/Plants/555/f814d72d561886f7a3a9cf4b69836bad.jpg,203180,555
train_val2019/Plants/555/642e8400ebe120afd9c6f869fb3d37d7.jpg,46218,555
train_val2019/Plants/555/42d46badb395d001ad61c6a280c59129.jpg,118344,555
train_val2019/Plants/555/6f87a51826684749e75ccdcd151e2d20.jpg,51252,555
train_val2019/Plants/555/826e60d770431c3867f31ff79370a12a.jpg,75424,555
train_val2019/Plants/555/0d431c03a497f05eae22a8534ba6d2cd.jpg,261175,555
train_val2019/Plants/555/ff1ec3b062670cd9799e9bfa35243067.jpg,241738,555
train_val2019/Plants/555/d0509d9f981cb2b5cef80749c06f8a74.jpg,257047,555
train_val2019/Plants/555/6ed20946c6439583c20c3a9db124d9e3.jpg,229037,555
train_val2019/Plants/555/569cd847b7659c2bd928d102d54d1eb4.jpg,137195,555
train_val2019/Plants/555/2eddf15d3c1bd510e767974e50c770b8.jpg,173537,555
train_val2019/Plants/555/e1f02a347e58b971f16920834f338e6b.jpg,59048,555
train_val2019/Plants/555/6ca1c586c373f25dd2849b3d46c595a3.jpg,22252,555
train_val2019/Plants/555/d557a92e5618db46c70b9908a6bd9bf6.jpg,179671,555
train_val2019/Plants/555/c4804746a234f0d708c9243ae0d8d604.jpg,9398,555
train_val2019/Plants/555/457811f6f3a13a45b7e8435f50e42556.jpg,115154,555
train_val2019/Plants/555/4d9fff634b8e195870611343e9eed358.jpg,10906,555
train_val2019/Plants/555/3175f2f390fb5926a473b40278294e3c.jpg,104622,555
train_val2019/Plants/555/10dbfb08a10d4c9e0e8fe1bb278f042f.jpg,146819,555
train_val2019/Plants/555/7547a77d70b57033ab1517440818c733.jpg,109846,555
train_val2019/Plants/555/35fb1710c02efc4adeea4cee8bf1cef2.jpg,163272,555
train_val2019/Plants/555/ae1e8a5fbe686343ae10119b68499c65.jpg,83424,555
train_val2019/Plants/555/038c9b11a1a381dbdcaabd1b6de53e04.jpg,113432,555
train_val2019/Plants/555/6f550591a8581fb070343aecafc10e67.jpg,220155,555
train_val2019/Plants/555/2dace6573581a74dd425b3c30b16b1c5.jpg,12246,555
train_val2019/Plants/555/3894196b42cd956c7c84c330f9081873.jpg,256535,555
train_val2019/Plants/555/0985977f368225cf88c18639f91d059f.jpg,246265,555
train_val2019/Plants/555/c59b1f2599bfbfa160376d942a161256.jpg,188528,555
train_val2019/Plants/555/b3dbdfdbf797cf2aa6356dc10768d79a.jpg,212576,555
train_val2019/Plants/555/fb6ee367b28c60cde849859e909d9412.jpg,7640,555
train_val2019/Plants/555/63a4f2d86cc44369813b09f2588e5134.jpg,28957,555
train_val2019/Plants/555/ac36411c61ad518adbaf254451a129c6.jpg,128757,555
train_val2019/Plants/555/a76120693166fb6d192cc5a73265c3e8.jpg,247961,555
train_val2019/Plants/555/67c6653a59b44e98dc8f5e8281e581c6.jpg,41311,555
train_val2019/Plants/555/faacdb32c1f3b5af46cf3795169382b9.jpg,261914,555
train_val2019/Plants/555/0505e804fffaa3687df05f7f251f44c2.jpg,88252,555
train_val2019/Plants/555/625c44d33493b0d8c45bfda8098b435b.jpg,36157,555
train_val2019/Plants/555/fd4fc1c182cbb7aecb9f0e279cac9003.jpg,261980,555
train_val2019/Plants/555/13622f0c99c8ceeb9fdb506c32ea8a95.jpg,183521,555
train_val2019/Plants/555/d26afab52efd957c4491c1936a2c9f6d.jpg,27570,555
train_val2019/Plants/555/7a7c6b06f08c9e0a90819a264c6c2572.jpg,47040,555
train_val2019/Plants/555/6fb23386dfa9f8f6ae0208357230dc48.jpg,67290,555
train_val2019/Plants/555/02712c71f4d5789a1e9405fe7d20accd.jpg,154647,555
train_val2019/Plants/555/f3ce22bfd6b03532884be90bc8b5359e.jpg,212109,555
train_val2019/Plants/555/682958aab45b3d4ad5462dfdd13fe579.jpg,88640,555
train_val2019/Plants/555/89abbe9f83449f1fb435caf4549b724b.jpg,70509,555
train_val2019/Plants/555/87eaa23c866e5c109c8f3a732d38d9f2.jpg,245188,555
train_val2019/Plants/555/17eab0960613e8e6793cb813261a2d68.jpg,201880,555
train_val2019/Plants/555/6ff6757958a6a2aeb8e1e48d4d9b3fd3.jpg,78841,555
train_val2019/Plants/555/050715d89863033b78bbf1f01871d361.jpg,29194,555
train_val2019/Plants/555/9704eb3d017d9bd6bee9b0cc355c3a0f.jpg,183537,555
train_val2019/Plants/555/e2007465ee1ef3363226cd3d7c13c8a4.jpg,36245,555
train_val2019/Plants/555/3ce8e8fca432dec2c3491b7a6838377e.jpg,188582,555
train_val2019/Plants/555/8b11831c3e89334c5a8e09c208097fbe.jpg,109915,555
train_val2019/Plants/555/d15f8aac6f771d3c49ecc0408894162c.jpg,41370,555
train_val2019/Plants/555/51c0d5663c2a9dc53f08b01b0a3b28fc.jpg,242496,555
train_val2019/Plants/555/574d2bbf2439ee5a47f58299213a2bef.jpg,64657,555
train_val2019/Plants/555/37fe403677a05c2e9d095a94a431bfa8.jpg,261699,555
train_val2019/Plants/555/ed5dc1cbdfcf9240204fe03f81fae3d3.jpg,4529,555
train_val2019/Plants/555/526b78ad857e994ee11041444fc747a8.jpg,252934,555
train_val2019/Plants/555/bf264de6393f61da4a688078824577c9.jpg,186420,555
train_val2019/Plants/555/83036df6bcd8371e300812dbe204e63b.jpg,194384,555
train_val2019/Plants/555/17ae4c265351e01b61a2baa19b68b72d.jpg,245156,555
train_val2019/Plants/555/81ca4ed0eee49eb5a9228e7186936c6a.jpg,56173,555
train_val2019/Plants/555/5b09eb96e8795c53dd945830cf5351ec.jpg,184617,555
train_val2019/Plants/555/510440b3aad41cc9626efc990845c173.jpg,64138,555
train_val2019/Plants/555/fc61e512832cc069892d0521a2804e94.jpg,236736,555
train_val2019/Plants/555/65a3383d72a8725b317e1ada101fbcf1.jpg,229739,555
train_val2019/Plants/555/bd233475e48b52a9579869c73065d1c1.jpg,56165,555
train_val2019/Plants/555/b2964e31f68ac073de85145b034610c1.jpg,15552,555
train_val2019/Plants/555/7cf5a748b2f4fa92626355bb65dc05e4.jpg,194356,555
train_val2019/Plants/555/00fead351afdd58d93cdb02c9b8e5e5c.jpg,188560,555
train_val2019/Plants/555/1979b2849ef8bf1aea3afd03393b8994.jpg,249421,555
train_val2019/Plants/555/54f974ed0f58a046dc94cbf4357e463f.jpg,159376,555
train_val2019/Plants/555/2033fdbe5056bd4841619fd4daf360d4.jpg,91264,555
train_val2019/Plants/555/11b50c6e1e7aaa7bf5e3c3b2ea8849af.jpg,77949,555
train_val2019/Plants/555/eeedddf2687f6ffeb239de36bc795f3f.jpg,36652,555
train_val2019/Plants/555/4168de7048fb311abf82ee04bf5b4d24.jpg,53324,555
train_val2019/Plants/555/255088c01dd7980c983ad6067b4fa34e.jpg,10613,555
train_val2019/Plants/555/5824d3531fbd14a43f92f66c75971315.jpg,254262,555
train_val2019/Plants/555/d777f43d5649a2e1e768e5117908576e.jpg,10495,555
train_val2019/Plants/555/a2799b609aef011b4900e6451bc238ad.jpg,62188,555
train_val2019/Plants/555/ca1bf213d687f07310cc0ee41f1354ff.jpg,125313,555
train_val2019/Plants/555/5ea485fcfae8f66d8ada92be282b316a.jpg,65301,555
train_val2019/Plants/555/acc83b43e2e01fa82cb45060cb25e11a.jpg,203563,555
train_val2019/Plants/555/4ec3e55cb8f86ef328112538ce49c328.jpg,76895,555
train_val2019/Plants/555/965ab4be0b9b42fef13eb67916557881.jpg,259362,555
train_val2019/Plants/555/d102dfd21a2f2e0e6164a6cc67da074f.jpg,178551,555
train_val2019/Plants/555/b293fe227ae17c908a052cf27689d36d.jpg,26591,555
train_val2019/Plants/555/edef509713a9e693d34cbda88196cc12.jpg,228268,555
train_val2019/Plants/555/ec32be32bdfcfc12fa4d609a69e8c2f9.jpg,26468,555
train_val2019/Plants/555/daf369b81c5f2ac6af2263912b851be9.jpg,41783,555
train_val2019/Plants/555/6d6c932d9e1a083896d379eaf184ea03.jpg,220720,555
train_val2019/Plants/555/eee434fd683a118005bdb5b3c1847c60.jpg,13971,555
train_val2019/Plants/555/2c385eda3ff5d50fdac01074a1731e44.jpg,20752,555
train_val2019/Plants/555/44ad3f675eb9aa6e5c6448f98d360553.jpg,3257,555
train_val2019/Plants/555/3697bbeea0b84c71db52534942ba6a22.jpg,160617,555
train_val2019/Plants/555/d6024860098c4bf4ecd26ea305df1e30.jpg,178618,555
train_val2019/Plants/555/a57fc12a2bb60cf9b349a56602a3df9e.jpg,90091,555
train_val2019/Plants/555/30e6674c6b9c798d38f3f6e5c26a74aa.jpg,178633,555
train_val2019/Plants/555/93eaba7bec919b92ca9dedf7bb68b2ab.jpg,202362,555
train_val2019/Plants/555/ed6745c3c8d4dfff4e562326783a20ae.jpg,195205,555
train_val2019/Plants/555/e7d55a8eba410763da83492a10a392de.jpg,248748,555
train_val2019/Plants/555/aafce72352f28a80a9288391ef1b1e06.jpg,47869,555
train_val2019/Plants/555/a5f32e709c95a148dc612e307aaed2b3.jpg,125196,555
train_val2019/Plants/555/101e28aa01a58c3eeb49affd4c5610bf.jpg,259486,555
train_val2019/Plants/555/b1a987eac060c8d35a764ae0ade99743.jpg,43740,555
train_val2019/Plants/555/59cf2c5fa0768d7d6fb0ef99b36a9774.jpg,100305,555
train_val2019/Plants/555/e2029d50a94d58b7096cf37b41d54212.jpg,146396,555
train_val2019/Plants/555/f04d4b982997a45efd643db5a8f030c1.jpg,251545,555
train_val2019/Plants/555/6a33daa73ae8956918e5e3cb0cc4d9f5.jpg,57252,555
train_val2019/Plants/555/e946577c2d9b02c627dab0badc9ceb09.jpg,203698,555
train_val2019/Plants/555/c86ea96c2b00c053ea1e2726c86b53b5.jpg,238848,555
train_val2019/Plants/555/deeae8f87c963946acf187669555a246.jpg,69539,555
train_val2019/Plants/555/5736ac617a8f5e93b22d376cc65dc911.jpg,238589,555
train_val2019/Plants/555/b901d2b5da6114a8617c264b3dc7adba.jpg,63646,555
train_val2019/Plants/555/e30c355516828366b60e4e885846283b.jpg,161145,555
train_val2019/Plants/555/65e5b9d32f3d1a5bfc751316194a236f.jpg,139316,555
train_val2019/Plants/555/7e20a81d929a763b4b4f7551bf28c62e.jpg,26550,555
train_val2019/Plants/555/66c136b2e38077bb1b425a7bdb22ab07.jpg,247191,555
train_val2019/Plants/555/1eca268d68aff8b4529f88677e0a2294.jpg,69576,555
train_val2019/Plants/555/479e7defa0d72d8855fb06033974bb03.jpg,126288,555
train_val2019/Plants/555/729849abbcedc3975cf7790e15e8d490.jpg,161066,555
train_val2019/Plants/555/d45e2a69838d21f321718ff6b826bacf.jpg,209793,555
train_val2019/Plants/555/c238ae5dffb280e1507e0bd443cb3a8d.jpg,259648,555
train_val2019/Plants/555/5ad4155c8bf083683b195156a8fafdaa.jpg,152192,555
train_val2019/Plants/555/451bc2e52d0bd0bc8805c564ddbf2f3c.jpg,125658,555
train_val2019/Plants/555/ac8e12c4cd38037a2b154339c2abf9a0.jpg,138867,555
train_val2019/Plants/555/68b012c24226f99610caa3238227d301.jpg,238513,555
train_val2019/Plants/555/e61b55393f17deac5bc0ca2c53faf552.jpg,49897,555
train_val2019/Plants/555/c7de894a82a7b77dbe893d3391ce571f.jpg,245888,555
train_val2019/Plants/555/57e663bd040bc2ebcd1a8bb534048cf1.jpg,168263,555
train_val2019/Plants/555/b3abb7b70508ffcdb4dd539d3639df2f.jpg,216956,555
train_val2019/Plants/555/3598d49dd1b509dc555605973f2e7f38.jpg,90312,555
train_val2019/Plants/555/65341cb60958b55d426d2a1acd856fbd.jpg,125576,555
train_val2019/Plants/555/c9ede53f03c7fa634da6aed47870af91.jpg,100323,555
train_val2019/Plants/555/c96fef8af543999e9892d3a4dd549898.jpg,14167,555
train_val2019/Plants/555/349d32437fe05c6c99935fd134718108.jpg,68907,555
train_val2019/Plants/555/b8d5c9738942034c3f64f3f7337fce4a.jpg,160423,555
train_val2019/Plants/555/8bf1bfac631475770820b03ba7fcd857.jpg,254095,555
train_val2019/Plants/555/2b53af9b97ba4a898dedb1003175a8d9.jpg,90883,555
train_val2019/Plants/555/7386b08f4b267f8b936afa7b2572fca4.jpg,47419,555
train_val2019/Plants/555/d26baa18ee494f7896d208f5848002c2.jpg,102313,555
train_val2019/Plants/555/29a282e485614f7f66778c4d8760aeec.jpg,114573,555
train_val2019/Plants/555/56393fc8acdef2a95e31eb7c12e06ab1.jpg,247244,555
train_val2019/Plants/555/8be3dec301be7ef34c50416041604f75.jpg,123822,555
train_val2019/Plants/555/50c4d9d0c36f74a70b37fbcea86869f3.jpg,174826,555
train_val2019/Plants/555/29deddc941f63126f302e56a8e0906d9.jpg,24986,555
train_val2019/Plants/555/0542cde612bdd76b61e4b54fe92e78de.jpg,127252,555
train_val2019/Plants/555/b3c7cb693f9c03158d3de9eb82ec08d2.jpg,179014,555
train_val2019/Plants/555/ed2c3b575bc0eb1c223c20308741d8b2.jpg,138125,555
train_val2019/Plants/555/7600a4520fbf700ad0ef495307bc7f83.jpg,180723,555
train_val2019/Plants/555/6c931e66fd98585799062b18c10145d8.jpg,81206,555
train_val2019/Plants/555/11637f6672eee761f02eed7670e8d582.jpg,86587,555
train_val2019/Plants/555/0980b5048938914e0570279017238021.jpg,226302,555
train_val2019/Plants/555/0e6c3491bafc8f7b978127d1fe0c06c3.jpg,21318,555
train_val2019/Plants/555/e8f1778ed7697660acee21634f5e690d.jpg,86584,555
train_val2019/Plants/555/7e7e13e204a53eaad7b6f6ce87b5a799.jpg,102568,555
train_val2019/Plants/555/f0eaff94141a687044fcd1ef1030a7f3.jpg,127375,555
train_val2019/Plants/555/1ab3a7b6f9a71a3904aeb436125d6cb3.jpg,85211,555
train_val2019/Plants/555/5be970a6b79fe286a30dc79583281bdc.jpg,248449,555
train_val2019/Plants/555/b083e5ba411eacf9cdced83eed11a5c1.jpg,21383,555
train_val2019/Plants/555/9274dd7cb4017a255295b07c03c964d0.jpg,42054,555
train_val2019/Plants/555/a346d180433244738f214a2f06d11c84.jpg,177875,555
train_val2019/Plants/555/c60ee5dadea4fda08e123dea7049bd58.jpg,201602,555
train_val2019/Plants/555/efc065c4a2578d0d4bdb64002d4b8bb5.jpg,80824,555
train_val2019/Plants/555/931a7e5dfd98743059ca922e9b7e894c.jpg,29751,555
train_val2019/Plants/555/d16597adffb8cdbb2a6b6665f5740d31.jpg,177847,555
train_val2019/Plants/555/24925043905732342409635c994968f6.jpg,2333,555
train_val2019/Plants/555/d31784cdc3052734a0f96030b407a0ff.jpg,68231,555
train_val2019/Plants/555/7bdd36d0d8c36cadf3241f99f32067de.jpg,159805,555
train_val2019/Plants/555/f87f48a72b831c6da85eb582756e6ccd.jpg,88236,555
train_val2019/Plants/555/aa366e273565b8acc1423d376f8fd6ff.jpg,5836,555
train_val2019/Plants/555/f8dc04e05c64e385c4cc87861b6eed74.jpg,178936,555
train_val2019/Plants/555/9b087f9875172d4c020be845f2cf9853.jpg,160373,555
train_val2019/Plants/555/7944417818a776175bd96e3cfdb4cad7.jpg,185980,555
train_val2019/Plants/555/08d765f8a881dea38077bb5aaa1c3f28.jpg,245932,555
train_val2019/Plants/555/b3d12777d558a2503f8d0952ebbc61d8.jpg,47555,555
train_val2019/Plants/555/e211b931bcc92c62dc011ae2960f7b41.jpg,68805,555
train_val2019/Plants/555/a764962d552a7bf38690ed6efd0249df.jpg,185994,555
train_val2019/Plants/555/ab10040e29d94d94debd30c59d5ed3c8.jpg,61981,555
train_val2019/Plants/555/9c7331109ac4bf59e9a2ab48ef9f2109.jpg,174751,555
train_val2019/Plants/555/c568af6d727f96ec902353763cb063c3.jpg,26637,555
train_val2019/Plants/555/6149bb5f6b99b2e386e3eec076ecc672.jpg,23830,555
train_val2019/Plants/555/2adc5a9ac3f7f9a7f86d8953f544d8a7.jpg,68779,555
train_val2019/Plants/555/11d7f05ac6f4b6fe49cf45dec26e3d10.jpg,77326,555
train_val2019/Plants/555/a29f1b8f587f729c0c51f9cca0f52134.jpg,197818,555
train_val2019/Plants/555/71057636bc5fdd602f698a54a6580fa6.jpg,240074,555
train_val2019/Plants/555/84ab79badb618b0df419b1aa227c499b.jpg,20986,555
train_val2019/Plants/555/144923114e60d02c777be661074d5ecb.jpg,149654,555
train_val2019/Plants/555/642a8821075d40779b0807ba43255de6.jpg,219651,555
train_val2019/Plants/555/d1cb3783bae4777a247bb3a71bb7cd33.jpg,38678,555
train_val2019/Plants/555/ceb0ed00f11b8cdc111f1daee78ac190.jpg,56826,555
train_val2019/Plants/555/785742750a9f360efd85d17b5b36b361.jpg,101919,555
train_val2019/Plants/555/b667f9d999b6f6a8858add95f4135430.jpg,147856,555
train_val2019/Plants/555/75a6b680cb67055904ea632b589eb61a.jpg,3545,555
train_val2019/Plants/555/1af2a5c433a1d244f45279f49738e75c.jpg,219715,555
train_val2019/Plants/555/163528e206616d1e58ad86ff1e0a08d7.jpg,146094,555
train_val2019/Plants/555/0f81ef185be5d215396444d83f01a795.jpg,240441,555
train_val2019/Plants/555/233a983ca397b74b894792e2455b653a.jpg,185322,555
train_val2019/Plants/555/77b7bf5f446342b3a3e4824e79dad44e.jpg,152061,555
train_val2019/Plants/555/44d295a502a057f5224f0b9d073cd4d1.jpg,23600,555
train_val2019/Plants/555/cc4158008ae1f332717d3f04deeb0a38.jpg,23599,555
train_val2019/Plants/555/0a83e10370ab408b3a6ec5ecf62a42fc.jpg,65267,555
train_val2019/Plants/555/1a5c4797d9aaef44c0a31f685d2af568.jpg,118681,555
train_val2019/Plants/555/30fc6ffdcd941d1133ae37325341d1fd.jpg,114067,555
train_val2019/Plants/555/3a9fff8179c8b332e9039147e881720c.jpg,37039,555
train_val2019/Plants/555/76ee1ce846521f03dbfb8d2085993d46.jpg,215711,555
train_val2019/Plants/555/416b2ea5cb886fcc294fb0f36ba357a9.jpg,92265,555
train_val2019/Plants/555/970f6c8f214a33d17fc58948ad431e78.jpg,144078,555
train_val2019/Plants/555/f9fdf3e07e6a350050dc191460a1bbf3.jpg,223541,555
train_val2019/Plants/555/31612bd97fee5a9ee4323558eb6fc6f3.jpg,41270,555
train_val2019/Plants/555/ee7ab63b7b93463cad3ec6ae80b0e7e2.jpg,10987,555
train_val2019/Plants/555/2109fce009c881ef34fd443ec087fba6.jpg,97655,555
train_val2019/Plants/555/b90dd53387f4a11a3b364702ed9a97df.jpg,236158,555
train_val2019/Plants/555/9c84cf17242f2a9b1ed3953295f44e98.jpg,192963,555
train_val2019/Plants/555/274333ed44509fdf279143010a3e06df.jpg,244085,555
train_val2019/Plants/555/488cd332faa3fd28e0b2e33610516e14.jpg,255152,555
train_val2019/Plants/555/1d379bbb57e577083bf7521f53e2e2e9.jpg,38030,555
train_val2019/Plants/555/d6910f6274acbf90aad82c8c1257ba2a.jpg,97504,555
train_val2019/Plants/555/a10f2fc9abe29f9b4f605525ad40d3d7.jpg,155955,555
train_val2019/Plants/555/6bf8de09cb1b09e5e490336429cc0ebd.jpg,193103,555
train_val2019/Plants/555/13bb5f36773de218c0a067b713c3699e.jpg,22871,555
train_val2019/Plants/555/a2a1213500bc9fdbc9165278c331e2c6.jpg,27527,555
train_val2019/Plants/555/cd64266f0b0a9a4df5413c297f7df77c.jpg,177333,555
train_val2019/Plants/555/2152b94f30a7872d5e3df74c016b1b43.jpg,70876,555
train_val2019/Plants/555/9a667f86bcbf1629330f4a7e44b92a74.jpg,213895,555
train_val2019/Plants/555/51ea212d528f638df941d745f9b833f0.jpg,46727,555
train_val2019/Plants/555/ebcc207ea803fcc34e874a295e65ad98.jpg,74753,555
train_val2019/Plants/555/4f3e042bb9515875347787a5ccee7cd8.jpg,236098,555
train_val2019/Plants/555/19359b80d6be43ab226646de577a51e7.jpg,106475,555
train_val2019/Plants/555/b63dad4a4c7b390abcaf25e0ff36a343.jpg,34424,555
train_val2019/Plants/555/fda625b02a1b1b8cd8c213c870de35db.jpg,97958,555
train_val2019/Plants/555/fbfe5153cb4b51c44b7b8158ad36cf95.jpg,106670,555
train_val2019/Plants/555/e3162bfea9c2773cc0ee3fa620e22672.jpg,106584,555
train_val2019/Plants/555/21c4b0d9cd9f8895e36d6eaf2e6b59e4.jpg,113202,555
train_val2019/Plants/555/2d1ebd6dbb1ec3ebd1c3c8456c655469.jpg,249573,555
train_val2019/Plants/555/a31a9c9117f8904688b77407815e4192.jpg,53626,555
train_val2019/Plants/555/45bcc7b22513c0f8fb58f6c0a8982fde.jpg,223815,555
train_val2019/Plants/555/48b9ede5b4d8e370a886838e447dc7bb.jpg,197991,555
train_val2019/Plants/555/cad74858ab28d82bc765aac29948e63a.jpg,218736,555
train_val2019/Plants/555/8113d51ec9477ffcb7a562e3a1a1b914.jpg,181377,555
train_val2019/Plants/555/c6c3baf5f036aa9bc0c85212ed7ac18a.jpg,147698,555
train_val2019/Plants/555/335e44496633de8c26ddbf5cb4ff2641.jpg,199840,555
train_val2019/Plants/555/5364a1f147fa7dbc8bc6001db1a812a2.jpg,119640,555
train_val2019/Plants/555/fae71bcf039cbf7d87331fdf4c3bb1af.jpg,144481,555
train_val2019/Plants/555/3b8377ea8626522bd752fc39f636529c.jpg,105932,555
train_val2019/Plants/555/96e7ef84749968c5ca707d307c9d7892.jpg,201974,555
train_val2019/Plants/555/177569c92eaeeb3f89a40d4d6a29cae5.jpg,136094,555
train_val2019/Plants/555/637b3b156e59ac3111bcaaeaba835389.jpg,235615,555
train_val2019/Plants/555/9a7b1dc63f82986482812f4e4fd43232.jpg,136394,555
train_val2019/Plants/555/a0c4fdc7c151599df04862f294043a6b.jpg,244035,555
train_val2019/Plants/555/e93c86ba387bbf460779cc4366f21a24.jpg,172931,555
train_val2019/Plants/555/d87354f645a5a29a9e5189ba27e33f23.jpg,23123,555
train_val2019/Plants/555/afdae3aeab3ee8e74b8d09b06ecf26f6.jpg,157209,555
train_val2019/Plants/555/ef85d5ac7308c2a4edbe9f75a884687a.jpg,44627,555
train_val2019/Plants/555/f29963ed5f5928da70c65d28c8854bbb.jpg,163500,555
train_val2019/Plants/555/886315198cb6a06c4a23299b4bf356de.jpg,119732,555
train_val2019/Plants/555/5454a3ad02e6dc490e97b4b4b1a38129.jpg,111553,555
train_val2019/Plants/555/20426ef44d1f9ed246c36ec1222bb7dc.jpg,34642,555
train_val2019/Plants/555/332065f47ec58b298c038be87e3cb479.jpg,151612,555
train_val2019/Plants/555/e6375be23d4e70ea888448805def066c.jpg,106252,555
train_val2019/Plants/555/03fb277599eca45c492dc2e078fb1a0d.jpg,235605,555
train_val2019/Plants/555/cf24521dc180c2560dac25c979a746fa.jpg,65876,555
train_val2019/Plants/555/dbc70de949a4e6bd9eed624bbef95597.jpg,251055,555
train_val2019/Plants/555/d30f9e5ead296014a54f10de52afd807.jpg,61429,555
train_val2019/Plants/555/304af009ddcf43f4b2eb2a6c3dfae2dd.jpg,11081,555
train_val2019/Plants/555/4c3de5606512a2e12002cfad4d12a449.jpg,148431,555
train_val2019/Plants/555/5f2dc43070f84fd382f36fab251b56ad.jpg,70810,555
train_val2019/Plants/555/520318ff227c98e2a41c4f0feff4a8b2.jpg,157008,555
train_val2019/Plants/555/b4387c57b06394f20445b8e7e040dcde.jpg,230177,555
train_val2019/Plants/555/207922a9082912428bdcb6324508cbfa.jpg,63226,555
train_val2019/Plants/555/05e3681929a662ed930760627b80a491.jpg,155869,555
train_val2019/Plants/555/4e93344fa2a83fd120f2ca077754bf98.jpg,182554,555
train_val2019/Plants/555/92fd4964e1bb872ea7717c8110c48fe5.jpg,224202,555
train_val2019/Plants/555/eb8ef16ce87ad86c5e16116d568ea667.jpg,230340,555
train_val2019/Plants/555/7581a35ebe3d27aa190d5da94e1c0c69.jpg,87779,555
train_val2019/Plants/555/fc5950b92e7b3ad3815f97a34ae54eca.jpg,36037,555
train_val2019/Plants/555/f9ea106bb965a3b7ac5db711c214a118.jpg,118790,555
train_val2019/Plants/555/f85b5fbbde625ee9ef81ad3561031fd4.jpg,169435,555
train_val2019/Plants/555/2e52fcbf62801086c7e33501e514177f.jpg,106430,555
train_val2019/Plants/555/54529e3ff39af0ae4987812ff42183b5.jpg,5238,555
train_val2019/Plants/555/1db3be598c0650d4a393bc577f0fc2a8.jpg,22630,555
train_val2019/Plants/555/5bc16b4893e470fcab6f22e2fe4872f1.jpg,213243,555
train_val2019/Plants/555/fdcfe4c995d833eff9195610e91ec687.jpg,153204,555
train_val2019/Plants/555/b2e23d50600391ffd8d178ad1b8ef4dc.jpg,230104,555
train_val2019/Plants/555/1364eb2e036da98d9e739ed9f7251e24.jpg,172777,555
train_val2019/Plants/555/d7aad1d6a9b102e5e62ad4f685c19112.jpg,105443,555
train_val2019/Plants/555/9bc52db08d74801eb2bb0248d67bb9d2.jpg,184409,555
train_val2019/Plants/555/dc4545ca6e92d2de9da822b1ed85c585.jpg,37943,555
train_val2019/Plants/555/a95fa2181b374ccdc0c1479f65bbffb0.jpg,169680,555
train_val2019/Plants/555/efd0d2dfa5f41efbab1a680878202022.jpg,221534,555
train_val2019/Plants/555/a75ba2a799955b942b9bc4ff334251ff.jpg,80155,555
train_val2019/Plants/555/55e4a4666ccaaef6dc60c764f4886b8d.jpg,194024,555
train_val2019/Plants/555/db251da3bb11a0b46eaed2705a17e85e.jpg,74565,555
train_val2019/Plants/555/15245a6267af89e2548c2192322571d4.jpg,244446,555
train_val2019/Plants/555/34c32e51e6825b105a9cac9663c04c17.jpg,151671,555
train_val2019/Plants/555/521b18abc8266b7d3fd6445cae79c9a0.jpg,155979,555
train_val2019/Plants/555/ac4781abd59fcca57bc5810ca6cdafe1.jpg,151637,555
train_val2019/Plants/555/75c1692bbf85401a7fc1eccf111200d7.jpg,84479,555
train_val2019/Plants/555/798150bfa820dbd5a8acac9a3d852e47.jpg,92419,555
train_val2019/Plants/555/8aaf1ba082a1623c0ea0b3576db7d83d.jpg,28606,555
train_val2019/Plants/555/e59ddce0f23816dafc61725bb884cb31.jpg,243602,555
